0
0.714285714285714
1.42857142857143
2.14285714285714
2.85714285714286
3.57142857142857
4.28571428571429
5
5.71428571428572
6.42857142857143
7.14285714285714
7.85714285714286
8.57142857142857
9.28571428571429
10
10.7142857142857
11.4285714285714
12.1428571428571
12.8571428571429
13.5714285714286
14.2857142857143
15
15.7142857142857
16.4285714285714
17.1428571428571
17.8571428571429
18.5714285714286
19.2857142857143
20
20.7142857142857
21.4285714285714
22.1428571428571
22.8571428571429
23.5714285714286
24.2857142857143
25
25.7142857142857
26.4285714285714
27.1428571428571
27.8571428571429
28.5714285714286
