0
0.0328368282741533
0.0656736565483066
0.0985104848224599
0.131347313096613
0.164184141370766
0.19702096964492
0.229857797919073
0.262694626193226
0.285755511902866
0.308816397612505
0.331877283322144
0.354938169031783
0.377999054741422
0.401059940451062
0.424120826160701
0.44718171187034
0.467827924016077
0.488474136161813
0.50912034830755
0.529766560453287
0.551322404519087
0.572878248584888
0.594434092650689
0.615989936716489
0.640302471556768
0.664615006397047
0.688927541237326
0.713240076077604
0.742880257602462
0.772520439127319
0.802160620652177
0.831800802177034
0.849870979736299
0.867941157295564
0.88601133485483
0.904081512414095
0.92215168997336
0.940221867532625
0.958292045091891
0.976362222651156
0.998512731059921
1.02066323946869
1.04281374787745
1.06496425628622
1.08711476469498
1.10926527310375
1.13141578151251
1.15356628992128
1.17502726442937
1.19648823893746
1.21794921344555
1.23941018795364
1.2652633747164
1.29111656147917
1.31696974824193
1.34282293500469
1.36366912615508
1.38451531730546
1.40536150845585
1.42620769960624
1.45835413503768
1.49050057046912
1.52264700590056
1.554793441332
1.57501031805035
1.59522719476869
1.61544407148704
1.63566094820539
1.65587782492374
1.67609470164209
1.69631157836044
1.71652845507878
1.74005507396299
1.76358169284721
1.78710831173142
1.81063493061563
1.83459161638204
1.85854830214845
1.88250498791486
1.90646167368127
1.93618385848311
1.96590604328495
1.99562822808679
2.02535041288863
2.05550903879316
2.08566766469769
2.11582629060222
2.14598491650675
2.172270924977
2.19855693344725
2.22484294191751
2.25112895038776
2.27439469692497
2.29766044346218
2.32092618999939
2.34419193653659
2.37232625534881
2.40046057416102
2.42859489297323
2.45672921178545
2.48323032188462
2.5097314319838
2.53623254208298
2.56273365218215
2.59604712414481
2.62936059610747
2.66267406807013
2.69598754003279
2.70809885360551
2.72021016717824
2.73232148075096
2.74443279432369
2.75654410789641
2.76865542146914
2.78076673504186
2.79287804861459
2.80730857506796
2.82173910152133
2.8361696279747
2.85060015442807
2.88529445611452
2.91998875780097
2.95468305948741
2.98937736117386
3.01728456799869
3.04519177482352
3.07309898164835
3.10100618847318
3.12986736417766
3.15872853988213
3.18758971558661
3.21645089129108
3.23622202615545
3.25599316101982
3.27576429588419
3.29553543074856
3.31530656561293
3.3350777004773
3.35484883534168
3.37461997020605
3.40462291819275
3.43462586617945
3.46462881416615
3.49463176215286
3.51898813482074
3.54334450748862
3.5677008801565
3.59205725282438
3.61786703177562
3.64367681072685
3.66948658967809
3.69529636862933
3.71395048059691
3.73260459256448
3.75125870453206
3.76991281649964
3.78856692846721
3.80722104043479
3.82587515240236
3.84452926436994
3.87411976671264
3.90371026905534
3.93330077139805
3.96289127374075
3.98921709107555
4.01554290841036
4.04186872574517
4.06819454307997
4.0871161015344
4.10603765998882
4.12495921844324
4.14388077689766
4.16280233535208
4.1817238938065
4.20064545226092
4.21956701071535
4.23586644023582
4.25216586975629
4.26846529927676
4.28476472879723
4.31301309367784
4.34126145855846
4.36950982343908
4.39775818831969
4.41638635098848
4.43501451365727
4.45364267632606
4.47227083899485
4.49089900166364
4.50952716433242
4.52815532700121
4.54678348967
4.57560636714025
4.6044292446105
4.63325212208074
4.66207499955099
4.68595655731091
4.70983811507083
4.73371967283075
4.75760123059067
4.78010125954763
4.8026012885046
4.82510131746157
4.84760134641853
4.8701013753755
4.89260140433247
4.91510143328943
4.9376014622464
4.96906792913034
5.00053439601428
5.03200086289821
5.06346732978215
5.09495651878318
5.12644570778421
5.15793489678524
5.18942408578627
5.2187194113791
5.24801473697194
5.27731006256477
5.30660538815761
5.32441446884238
5.34222354952716
5.36003263021193
5.37784171089671
5.39565079158148
5.41345987226626
5.43126895295103
5.44907803363581
5.46569986435826
5.4823216950807
5.49894352580315
5.5155653565256
5.52570728806974
5.53584921961389
5.54599115115804
5.55613308270219
5.56627501424634
5.57641694579048
5.58655887733463
5.59670080887878
5.60852867349025
5.62035653810172
5.63218440271319
5.64401226732467
5.67243128838434
5.70085030944401
5.72926933050369
5.75768835156336
5.7765885743807
5.79548879719803
5.81438902001537
5.83328924283271
5.85218946565004
5.87108968846738
5.88998991128471
5.90889013410205
5.93240962281879
5.95592911153554
5.97944860025228
6.00296808896903
6.01953610855116
6.0361041281333
6.05267214771544
6.06924016729757
6.08580818687971
6.10237620646185
6.11894422604398
6.13551224562612
6.1511609244016
6.16680960317708
6.18245828195256
6.19810696072804
6.21708187523607
6.23605678974409
6.25503170425212
6.27400661876015
6.29298153326817
6.3119564477762
6.33093136228423
6.34990627679225
6.37389359292432
6.39788090905638
6.42186822518844
6.4458555413205
6.46034330088475
6.474831060449
6.48931882001325
6.5038065795775
6.51829433914175
6.532782098706
6.54726985827025
6.5617576178345
6.57929012217377
6.59682262651303
6.6143551308523
6.63188763519156
6.64942013953083
6.66695264387009
6.68448514820936
6.70201765254862
6.72909256300132
6.75616747345402
6.78324238390672
6.81031729435942
6.84035719541184
6.87039709646426
6.90043699751668
6.9304768985691
6.94887634717291
6.96727579577671
6.98567524438052
7.00407469298433
7.01799131960522
7.03190794622611
7.045824572847
7.05974119946789
7.07365782608878
7.08757445270966
7.10149107933055
7.11540770595144
7.13009860150265
7.14478949705387
7.15948039260508
7.17417128815629
7.1888621837075
7.20355307925871
7.21824397480992
7.23293487036113
7.2574224092669
7.28190994817266
7.30639748707843
7.3308850259842
7.3594531755597
7.38802132513521
7.41658947471072
7.44515762428623
7.45488595872081
7.46461429315539
7.47434262758996
7.48407096202454
7.49379929645912
7.5035276308937
7.51325596532828
7.52298429976286
7.53210614673228
7.5412279937017
7.55034984067112
7.55947168764054
7.59168239746083
7.62389310728113
7.65610381710143
7.68831452692173
7.72040792858712
7.75250133025252
7.78459473191792
7.81668813358331
7.84267264524067
7.86865715689802
7.89464166855537
7.92062618021272
7.94778652835708
7.97494687650144
8.00210722464581
8.02926757279017
8.05985390460047
8.09044023641077
8.12102656822107
8.15161290003137
8.17163479120123
8.19165668237109
8.21167857354095
8.23170046471081
8.25172235588067
8.27174424705053
8.29176613822039
8.31178802939024
8.33360823484466
8.35542844029907
8.37724864575348
8.3990688512079
8.41901577037838
8.43896268954887
8.45890960871936
8.47885652788985
8.49880344706034
8.51875036623083
8.53869728540132
8.55864420457181
8.57803622284012
8.59742824110842
8.61682025937672
8.63621227764502
8.65560429591332
8.67499631418162
8.69438833244993
8.71378035071823
8.73806404535338
8.76234773998853
8.78663143462368
8.81091512925884
8.82490110522164
8.83888708118444
8.85287305714725
8.86685903311005
8.88084500907285
8.89483098503566
8.90881696099846
8.92280293696126
8.93676357596823
8.95072421497521
8.96468485398218
8.97864549298915
9.00542275144321
9.03220000989727
9.05897726835132
9.08575452680538
9.10289097386318
9.12002742092097
9.13716386797876
9.15430031503656
9.17143676209435
9.18857320915214
9.20570965620994
9.22284610326773
9.2414779992277
9.26010989518767
9.27874179114764
9.29737368710761
9.31758835221842
9.33780301732922
9.35801768244003
9.37823234755084
9.39844701266164
9.41866167777245
9.43887634288326
9.45909100799406
9.47687336393678
9.4946557198795
9.51243807582222
9.53022043176494
9.54381298232852
9.55740553289209
9.57099808345567
9.58459063401924
9.59818318458282
9.6117757351464
9.62536828570997
9.63896083627355
9.66339345758782
9.68782607890209
9.71225870021637
9.73669132153064
9.76554425702355
9.79439719251646
9.82325012800937
9.85210306350228
9.87410910260769
9.89611514171309
9.9181211808185
9.94012721992391
9.96213325902931
9.98413929813472
10.0061453372401
10.0281513763455
10.0389331786521
10.0497149809587
10.0604967832653
10.0712785855719
10.0820603878785
10.0928421901851
10.1036239924916
10.1144057947982
10.1243848798505
10.1343639649027
10.1443430499549
10.1543221350072
10.1818424394606
10.2093627439141
10.2368830483676
10.264403352821
10.2831441675174
10.3018849822137
10.32062579691
10.3393666116064
10.3581074263027
10.376848240999
10.3955890556954
10.4143298703917
10.433333992743
10.4523381150942
10.4713422374455
10.4903463597968
10.5106461438414
10.5309459278861
10.5512457119307
10.5715454959754
10.59184528002
10.6121450640647
10.6324448481094
10.652744632154
10.6778155806062
10.7028865290584
10.7279574775106
10.7530284259628
10.7700897026753
10.7871509793877
10.8042122561002
10.8212735328127
10.8383348095252
10.8553960862377
10.8724573629502
10.8895186396627
10.9056321619611
10.9217456842596
10.937859206558
10.9539727288565
10.967547782119
10.9811228353815
10.9946978886441
11.0082729419066
11.0218479951691
11.0354230484317
11.0489981016942
11.0625731549567
11.0869598098952
11.1113464648336
11.1357331197721
11.1601197747105
11.1824446593104
11.2047695439103
11.2270944285101
11.24941931311
11.2589176335794
11.2684159540488
11.2779142745182
11.2874125949876
11.296910915457
11.3064092359263
11.3159075563957
11.3254058768651
11.3359632874866
11.3465206981082
11.3570781087297
11.3676355193512
11.3982903871088
11.4289452548664
11.4596001226239
11.4902549903815
11.5025506571369
11.5148463238923
11.5271419906478
11.5394376574032
11.5517333241586
11.564028990914
11.5763246576694
11.5886203244248
11.6059955805747
11.6233708367246
11.6407460928744
11.6581213490243
11.6801547328629
11.7021881167015
11.7242215005401
11.7462548843787
11.7682882682172
11.7903216520558
11.8123550358944
11.834388419733
11.8541969935127
11.8740055672924
11.8938141410721
11.9136227148518
11.9268197957439
11.940016876636
11.9532139575281
11.9664110384201
11.9796081193122
11.9928052002043
12.0060022810964
12.0191993619885
12.0379960654638
12.056792768939
12.0755894724143
12.0943861758895
12.1131828793648
12.1319795828401
12.1507762863153
12.1695729897906
12.1870318535559
12.2044907173212
12.2219495810865
12.2394084448518
12.2568673086171
12.2743261723824
12.2917850361477
12.309243899913
12.3279356446386
12.3466273893643
12.36531913409
12.3840108788157
12.3973622246082
12.4107135704006
12.4240649161931
12.4374162619855
12.450767607778
12.4641189535705
12.4774702993629
12.4908216451554
12.509871008768
12.5289203723807
12.5479697359933
12.5670190996059
12.5860684632186
12.6051178268312
12.6241671904439
12.6432165540565
12.6625037363242
12.6817909185919
12.7010781008596
12.7203652831273
12.739652465395
12.7589396476627
12.7782268299304
12.7975140121981
12.8179068175998
12.8382996230014
12.8586924284031
12.8790852338048
12.8930664489017
12.9070476639985
12.9210288790954
12.9350100941923
12.9489913092892
12.9629725243861
12.9769537394829
12.9909349545798
13.0076794844347
13.0244240142895
13.0411685441443
13.0579130739992
13.0866792018035
13.1154453296079
13.1442114574122
13.1729775852166
13.1956297015642
13.2182818179119
13.2409339342595
13.2635860506072
13.2862381669548
13.3088902833025
13.3315423996501
13.3541945159978
13.3732251465907
13.3922557771836
13.4112864077765
13.4303170383694
13.4493476689623
13.4683782995552
13.4874089301481
13.506439560741
13.5227553418944
13.5390711230479
13.5553869042013
13.5717026853547
13.5862108039916
13.6007189226285
13.6152270412654
13.6297351599023
13.6442432785392
13.6587513971761
13.673259515813
13.6877676344499
13.7120541276178
13.7363406207856
13.7606271139535
13.7849136071213
13.8082366647058
13.8315597222903
13.8548827798748
13.8782058374593
13.9033636180504
13.9285213986415
13.9536791792326
13.9788369598238
14.0006975040619
14.0225580482999
14.044418592538
14.0662791367761
14.0846225160504
14.1029658953247
14.1213092745991
14.1396526538734
14.1579960331477
14.176339412422
14.1946827916964
14.2130261709707
14.2346119746126
14.2561977782545
14.2777835818963
14.2993693855382
14.3183194948843
14.3372696042304
14.3562197135764
14.3751698229225
14.3941199322686
14.4130700416147
14.4320201509607
14.4509702603068
14.4787513641406
14.5065324679745
14.5343135718083
14.5620946756421
14.5727847135047
14.5834747513673
14.5941647892299
14.6048548270924
14.615544864955
14.6262349028176
14.6369249406802
14.6476149785427
14.6644106612058
14.6812063438689
14.698002026532
14.7147977091951
14.7420318184342
14.7692659276732
14.7965000369123
14.8237341461514
14.8519993725074
14.8802645988634
14.9085298252193
14.9367950515753
14.9607888752357
14.9847826988962
15.0087765225566
15.032770346217
15.0507047221814
15.0686390981457
15.0865734741101
15.1045078500744
15.1224422260388
15.1403766020031
15.1583109779675
15.1762453539318
15.1920527927545
15.2078602315772
15.2236676703999
15.2394751092226
15.2526116987477
15.2657482882728
15.2788848777979
15.292021467323
15.3051580568481
15.3182946463732
15.3314312358983
15.3445678254235
15.3689826957635
15.3933975661036
15.4178124364436
15.4422273067837
15.4656604391998
15.4890935716159
15.5125267040321
15.5359598364482
15.5529705853962
15.5699813343441
15.5869920832921
15.6040028322401
15.621013581188
15.638024330136
15.655035079084
15.672045828032
15.6966357484123
15.7212256687927
15.7458155891731
15.7704055095534
15.7975529403933
15.8247003712331
15.8518478020729
15.8789952329128
15.9026969603088
15.9263986877049
15.950100415101
15.973802142497
15.9931740853648
16.0125460282325
16.0319179711002
16.051289913968
16.0706618568357
16.0900337997034
16.1094057425712
16.1287776854389
16.1542979231287
16.1798181608184
16.2053383985082
16.230858636198
16.2422180075014
16.2535773788048
16.2649367501083
16.2762961214117
16.2876554927151
16.2990148640186
16.310374235322
16.3217336066255
16.3333071956779
16.3448807847304
16.3564543737828
16.3680279628353
16.3979413390943
16.4278547153533
16.4577680916123
16.4876814678713
16.4990539410223
16.5104264141733
16.5217988873243
16.5331713604753
16.5445438336262
16.5559163067772
16.5672887799282
16.5786612530792
16.5911871859408
16.6037131188025
16.6162390516642
16.6287649845258
16.644914756699
16.6610645288722
16.6772143010453
16.6933640732185
16.7095138453917
16.7256636175649
16.741813389738
16.7579631619112
16.7761420088979
16.7943208558847
16.8124997028714
16.8306785498581
16.8488573968449
16.8670362438316
16.8852150908183
16.903393937805
16.9185050795921
16.9336162213792
16.9487273631662
16.9638385049533
16.9789496467403
16.9940607885274
17.0091719303144
17.0242830721015
17.0485611891514
17.0728393062014
17.0971174232514
17.1213955403014
17.1380305486668
17.1546655570322
17.1713005653975
17.1879355737629
17.2045705821283
17.2212055904937
17.2378405988591
17.2544756072244
17.2786932036113
17.3029107999982
17.327128396385
17.3513459927719
17.3713910301079
17.3914360674439
17.4114811047799
17.431526142116
17.4404319599776
17.4493377778392
17.4582435957008
17.4671494135624
17.476055231424
17.4849610492855
17.4938668671471
17.5027726850087
17.5196986291367
17.5366245732646
17.5535505173925
17.5704764615204
17.5976023499996
17.6247282384789
17.6518541269582
17.6789800154374
17.6886417897376
17.6983035640378
17.707965338338
17.7176271126382
17.7272888869384
17.7369506612386
17.7466124355388
17.756274209839
17.7707487429726
17.7852232761062
17.7996978092398
17.8141723423734
17.8436178236757
17.8730633049781
17.9025087862804
17.9319542675827
17.9528564643414
17.9737586611001
17.9946608578589
18.0155630546176
18.0364652513763
18.057367448135
18.0782696448937
18.0991718416524
18.1256869937208
18.1522021457893
18.1787172978577
18.2052324499261
18.2241078841395
18.2429833183529
18.2618587525663
18.2807341867797
18.299609620993
18.3184850552064
18.3373604894198
18.3562359236332
18.3828983590818
18.4095607945305
18.4362232299791
18.4628856654278
18.4846240607805
18.5063624561332
18.528100851486
18.5498392468387
18.5789978265935
18.6081564063483
18.637314986103
18.6664735658578
18.6856968817145
18.7049201975711
18.7241435134278
18.7433668292844
18.7625901451411
18.7818134609977
18.8010367768544
18.820260092711
18.8342240095837
18.8481879264563
18.8621518433289
18.8761157602016
18.8900796770742
18.9040435939469
18.9180075108195
18.9319714276921
18.9563351472062
18.9806988667203
19.0050625862344
19.0294263057485
19.0339744912161
19.0385226766838
19.0430708621514
19.047619047619
