0,0
2.89849174617895e-05,-1.36681688233342e-05
0.000110056334874528,1.20703991738385e-05
0.00023062110485413,0.000150693770531315
0.000373061886782985,0.000440164618240938
0.000516911302377709,0.000854372748272714
0.000639289589252922,0.00120647797237483
0.000718915282737408,0.00132171953342482
0.000739470380859338,0.00109868081613938
0.00072607688510289,0.000877691739143044
0.000698322189210306,0.000603339736954737
0.000657147301625427,0.000296148447401707
0.000604220030501392,-2.08325564155793e-05
0.000541867387484141,-0.000324039981673322
0.000472992954785158,-0.000593968499660786
0.00040077566442108,-0.000817049995332669
0.000328529339386147,-0.000986768304764318
0.00023293294063657,-0.0011366792748296
0.000151873437526748,-0.00120449603393759
9.12793540334306e-05,-0.00121995538569141
5.47053513963492e-05,-0.00121175558133056
4.33056192158876e-05,-0.00120256376361567
5.05025550539505e-05,-0.0011921645806835
7.43975594065261e-05,-0.00117438374686806
0.000112227535890967,-0.00113824073835242
0.000191925028410698,-0.0010133829176656
0.00028214561797642,-0.000799962435987151
0.000366553826776143,-0.000535528840689803
0.000429038503143767,-0.000302342861083034
0.00045423210827747,-0.000203673614460018
0.000441880209540897,-0.000242803856979593
0.000389054211720249,-0.000403157076018465
0.000298913276126448,-0.000618197955627526
0.000228534232091092,-0.000734688492290769
0.000150811734553606,-0.000816170580284385
6.9564467071319e-05,-0.000853191462536849
-1.12529022821422e-05,-0.000847587939751415
-8.7933677031742e-05,-0.000846279901897513
-0.000157923868977663,-0.000879402251808519
-0.000219021387308392,-0.000930579051095757
-0.000269191478861097,-0.000981431125745298
-0.000320532095473996,-0.00101817516058918
-0.00033815872448825,-0.000974145454655696
-0.000320890514901647,-0.000846205325233157
-0.000271632975977862,-0.000668475008218306
-0.000223795118335644,-0.000550827350045237
-0.000167876125939759,-0.000454645763077061
-0.000107642292539498,-0.000391917967245871
-4.71571980241247e-05,-0.000367338133874353
9.41197396657502e-06,-0.000373407365370618
5.86556230830643e-05,-0.000378560430493577
9.78837769475163e-05,-0.000364981654048549
0.000125020059423488,-0.000340268448058825
0.000138539531929418,-0.000323166363079511
0.000136738166411047,-0.000318571848830358
0.000119184164780997,-0.000326364278860798
8.63338358884515e-05,-0.000339509711348212
3.03417655342692e-05,-0.000332901553828552
-4.07089853518256e-05,-0.00032228183416384
-0.000122576576793429,-0.000348537968173596
-0.000210969785873298,-0.000433543872900057
-0.000301503031103095,-0.000579555843961992
-0.000389510882367185,-0.000766694606692952
-0.000470291820021053,-0.000963475144749843
-0.000539206342312606,-0.00113055183662351
-0.000603581811557515,-0.00123609975338121
-0.000632794631776716,-0.00116446264796956
-0.000622350835089344,-0.000907185072190191
-0.000572594720784912,-0.000513627681375015
-0.000497899811770371,-0.000116572340984611
-0.000403766590654381,0.000242513545628708
-0.000300644530595913,0.000512091557186626
-0.00019998941077236,0.000673453851001165
-0.000130443233555034,0.000731966618328106
-7.36453376819766e-05,0.000750723628280563
-3.27033217835462e-05,0.000748538419161361
-9.4438422106204e-06,0.0007412154288315
-4.40691290355637e-06,0.000739232836569088
-1.68615595318478e-05,0.000741313299281611
-4.52036995944082e-05,0.000739910436826561
-8.70778509420644e-05,0.000722863590239823
-0.000168944352400834,0.000637439381217998
-0.000263141914666425,0.00046265871902444
-0.000357325847346233,0.000216896593667986
-0.000438823314902158,-3.90777131497684e-05
-0.000489781792143615,-0.000201059740761103
-0.000514441722505217,-0.000253479625024609
-0.000507867822479751,-0.000175571401151697
-0.000468292963348205,1.56788279305578e-05
-0.000402718382371063,0.000253483280703553
-0.000314905286422377,0.000486305946965128
-0.000212540835612765,0.000663484750203809
-0.000105171332998584,0.000755286816925838
-3.05551793609486e-05,0.000756514669329554
3.75814817464211e-05,0.00073982104976252
9.66077102649423e-05,0.000742449674332742
0.000144653127126859,0.000763570836454473
0.000180327943034927,0.00078110139502606
0.000202344849923584,0.00078494632167082
0.000210018085779719,0.000768467863138166
0.000203275854542227,0.000731381401201536
0.00018016385401501,0.000674031813465663
0.00014247593287918,0.000614015529309356
9.30906052753065e-05,0.00056761271258777
3.57834692808982e-05,0.000549182917441604
-2.49915948262721e-05,0.000554546444858375
-8.52251777416749e-05,0.000545250970361237
-0.000141397121873342,0.0005026946593128
-0.000190335998933815,0.000434793019348067
-0.000240352557334504,0.000340283945445991
-0.000264513066390247,0.000282230589967831
-0.000258271315252431,0.000284128400432817
-0.000220126661892245,0.000340000999058846
-0.000192797203898177,0.000374602984522817
-0.00015979505118432,0.000408604062187506
-0.000121766227455024,0.000437042526359115
-7.95142061491671e-05,0.000455151752954272
-3.40092379622593e-05,0.000455301027982743
1.37180022461825e-05,0.000446891077846959
6.27439592750634e-05,0.000445876190211802
0.000112263266969553,0.000461580572677388
0.000202291143014946,0.000538916899988813
0.00028691076789421,0.00066031347297884
0.000361576458436692,0.000796134063417292
0.000421968735903804,0.000910602424885214
0.000471619522350858,0.000969200671392458
0.000486823251056169,0.000897805270760721
0.00046525208333108,0.000698458123126164
0.000409067416111494,0.000417699627518767
0.000330403643390013,0.000147979770034129
0.000236651614042896,-6.67059874071747e-05
0.000138986667409867,-0.000193047062573328
4.89725935982599e-05,-0.000231384397288764
-7.71688753833166e-06,-0.000224150604375948
-5.03693284231664e-05,-0.000214419073086208
-7.67632187256543e-05,-0.000213489527927164
-8.5703761406788e-05,-0.000215058501304383
-7.67987347601401e-05,-0.000203206287637869
-5.08510615299323e-05,-0.00020001062031117
-9.83120276103144e-06,-0.000217174129501057
4.34870385827333e-05,-0.00023201588992088
0.000102400879653073,-0.000213189067191531
0.000166868639557441,-0.000156107041184074
0.000234041544989066,-5.87931859491899e-05
0.000300969603166531,7.27913569838674e-05
0.000384873884730136,0.000278722985087261
0.000455666222357492,0.000469361580941439
0.000506637584357619,0.000593277198935734
0.000532200919927418,0.000610903891920489
0.000520337225748995,0.000438978133212756
0.000455942916381421,0.000116580869461771
0.000347625587436635,-0.000242163226402686
0.000213349197994938,-0.000515476267673861
0.000131142337797052,-0.000597616710531541
5.3913747697381e-05,-0.00062493676552456
-1.36909892510973e-05,-0.000616494504692714
-6.80623218319901e-05,-0.000606080539364146
-0.00010681802863547,-0.0006121378975044
-0.00012848568402602,-0.000613211687131034
-0.00013232468785645,-0.000601062213237793
-0.000118564084686625,-0.000576472672980189
-5.72567901988697e-05,-0.000559072062741067
3.72046198241086e-05,-0.000541508880785404
0.000146226881464277,-0.00046140018031896
0.000250603558096046,-0.000300751484195334
0.000319898819380281,-0.000139144869598756
0.000363511439298922,-2.6791295093423e-05
0.000374045742869497,-9.16206007962959e-06
0.000347590030260145,-9.37454753554281e-05
0.000304069755133515,-0.000204740108146956
0.000242575092301279,-0.000324795669170324
0.000166891490621533,-0.000424273813425179
8.21675885698974e-05,-0.000478632777805566
-5.28648767978078e-06,-0.000472031615770127
-8.97977338077386e-05,-0.000464546154111334
-0.000166827590657114,-0.000504268368229435
-0.000232739884072075,-0.000579205089637554
-0.000279980843538069,-0.000640374686302172
-0.000313314674089219,-0.000678337657115022
-0.000331063670243223,-0.000679565219359945
-0.0003322389735708,-0.000638729820912126
-0.000304934705582067,-0.000514490427923542
-0.000246878488640342,-0.000357132830383122
-0.000165328774308667,-0.000219574686766167
-7.10270903417182e-05,-0.000146368912587715
-3.11454271085389e-06,-0.000152940552874675
6.00433170880048e-05,-0.00016582339317005
0.000114913900569515,-0.000147503507581639
0.000158743943688093,-0.000105100119526144
0.000189257566260338,-6.79978691982588e-05
0.000204320266981183,-4.76295042185478e-05
0.000202650435028156,-5.11962806624649e-05
0.000183866581679821,-7.72794673231379e-05
0.000165336526031357,-9.91582323391612e-05
0.000141548149432632,-0.000122323366126259
0.000112933906920238,-0.000143299103834203
8.00524739784548e-05,-0.000158446786800023
4.35864744491907e-05,-0.000163115874077286
4.31699296632144e-06,-0.000159006371183707
-3.69963792390807e-05,-0.000153892736548713
-7.96493053051852e-05,-0.000158228718942719
-0.00013020495835557,-0.000184486632267378
-0.000180756094251183,-0.000231560624384192
-0.000230318454149413,-0.000296694327657618
-0.000277905793591253,-0.000375252297358068
-0.000366021850279821,-0.000554080626755688
-0.000432937568903855,-0.000693806256043105
-0.000471460848630699,-0.000737592164736778
-0.000476663872875421,-0.000657181068003005
-0.000455140143642687,-0.000505169354325431
-0.000411801383270525,-0.000304352866600559
-0.000349617808864745,-8.93568592211558e-05
-0.000273364063589752,0.00010382976578436
-0.00018925691837753,0.000245253815336246
-0.000104512726517387,0.000317588292360592
-2.6020343598706e-05,0.000327413546688394
4.03160156624025e-05,0.000314180186253862
9.78012818825599e-05,0.00032315825305759
0.000126925073405751,0.000331638964901566
0.0001253546036045,0.000319018772064343
9.36647730348849e-05,0.000290406147623203
3.78379025693453e-05,0.000287819225643763
-3.59093577614485e-05,0.000291264626773438
-0.000120284281563564,0.000253525621645264
-0.000207953072876281,0.000152487350077549
-0.000291625104350259,-4.71032201665198e-06
-0.000363803526894735,-0.000174005130500333
-0.00041757709947169,-0.000307543221996052
-0.000447051500656349,-0.00036312579068072
-0.000450196859507517,-0.000333101410063441
-0.000434639447930874,-0.000241294147344563
-0.000400551535813307,-0.000101373598013069
-0.00034943750347016,6.36699834875048e-05
-0.000284085092105034,0.000225028830866569
-0.00020861415203052,0.000355922295244207
-0.000127850522216269,0.000438129275540071
-4.70523245245937e-05,0.000465053965957952
4.57516053704248e-05,0.000464332703138726
0.000123052087803963,0.000478701500572681
0.000179230100755082,0.000510378297396634
0.000210388697118133,0.000531516581092016
0.000215636205237959,0.000516263490648554
0.000202476353887,0.000475123755531583
0.000171866426702247,0.000417918822710751
0.000126025560224645,0.000361348132686153
5.08763413984002e-05,0.000339788906148342
-3.39092126255625e-05,0.000338847902508467
-0.000119374119953369,0.000300163446085752
-0.000197497809165703,0.000210940303980611
-0.000255976605542309,0.000109229994661246
-0.000297264632419957,2.4590615901732e-05
-0.000317230871052542,-1.52568077781359e-05
-0.000313130007037201,3.11560065429934e-06
-0.000281717183066817,8.1816444168595e-05
-0.000224293471536516,0.000188356896349102
-0.00014543978240191,0.000282436997549859
-5.24155797108179e-05,0.000325793952347295
4.55595754598248e-05,0.000325514411466959
0.000140477324125555,0.00035573732105133
0.000225572161041179,0.000439776582885146
0.00029499334260559,0.0005469066066413
0.000342461581941386,0.00061822575182058
0.000366242767995993,0.000628324787506599
0.000364018264582015,0.000564738167774175
0.000335606244441315,0.000438187279254319
0.000307951447541444,0.000347981051494154
0.000273067259911419,0.000255099028102696
0.000232068163807551,0.000167675685057559
0.000186312536339876,9.31139143948095e-05
0.000137356631633126,3.73579045501513e-05
8.69245598623491e-05,5.07997828669498e-06
3.67588043389384e-05,-3.69555269002939e-06
-1.14656169782617e-05,4.4928315048597e-06
-6.04537160993184e-05,7.0603308680067e-06
-0.000103858642698298,-8.29345606057783e-06
-0.000140408716642399,-3.35867492082665e-05
-0.000168958413233452,-6.0558283519608e-05
-0.000190370175603991,-8.33864750891511e-05
-0.000199198086276064,-9.07785366706433e-05
-0.000194845187928397,-7.98485359288094e-05
-0.000177286359012697,-5.30375540025307e-05
-0.000155812650718841,-2.6837636041665e-05
-0.000127759734379262,-4.61919729659207e-07
-9.38459842407677e-05,2.10066436593318e-05
-5.49897992554262e-05,3.24776332762764e-05
-1.23351936894746e-05,2.38204645904176e-05
3.29273827386366e-05,1.08328255023475e-05
7.97605648385102e-05,1.5044390206353e-05
0.000127261261378321,4.16292176666623e-05
0.000180228207690703,9.27842227647199e-05
0.000231622966206127,0.000163544048267858
0.000280151733398127,0.00024751686650477
0.000324541533535659,0.000336450683609583
0.000397070050182213,0.000494387657516424
0.000438030031986687,0.000557971407271277
0.000441037702757468,0.000488371376206748
0.000404151900322714,0.000299140179486552
0.000372168574446465,0.000179941598000254
0.000332232380460889,5.67650574325409e-05
0.000285621188458245,-6.01600428670036e-05
0.000233902095885433,-0.00016166084511998
0.000178882649693437,-0.000240257295076147
0.000122525636307673,-0.00029174410344485
6.68129472457928e-05,-0.000315145427542672
1.36798264829592e-05,-0.000312808706655806
-6.58076102136082e-05,-0.00030949650906039
-0.000127129954158975,-0.00033017426381543
-0.000165937105734606,-0.000352219110210121
-0.00017937364117072,-0.000353714549212068
-0.000170538289221474,-0.000330040955228949
-0.000144321543944251,-0.000292616636629675
-0.00010247142279126,-0.000255161203060214
-4.79194709813008e-05,-0.000234747503568201
1.52872091883617e-05,-0.000242941544021658
8.30316553092741e-05,-0.000239896544784725
0.000151581852709359,-0.000193244557888031
0.000217461742101149,-0.000104168904278974
0.000290763603305898,3.39011828317536e-05
0.000348083115849605,0.000161137705173738
0.000383730726427716,0.00023691460182639
0.000393412542743172,0.000234554460143534
0.000384226215295935,0.000185342358017914
0.000362511129946309,0.000104788749403429
0.000328804634955146,3.05082400350396e-06
0.000284258070905108,-0.000106556346816163
0.000230606189390154,-0.00020898673292572
0.000170156239340978,-0.000290505650610041
0.000105559762729575,-0.000341186193985465
3.97095830517616e-05,-0.000356154199977219
-5.59221823401388e-05,-0.000357059533429557
-0.000140083654921574,-0.000385656597346881
-0.000206594287739767,-0.000441442750827288
-0.000250603843272222,-0.000491139816054889
-0.000267819652852846,-0.000494949472242927
-0.000263467749303105,-0.000456747584705841
-0.000237743634690688,-0.000383537200079027
-0.000192557223696655,-0.000294806825588183
-0.00011895433549337,-0.000211309000043832
-3.2283986910342e-05,-0.000170832632265484
5.7805969425887e-05,-0.000156223931679339
0.000142183819934266,-0.000118614349176645
0.000200267182125063,-4.97372786867735e-05
0.000246260824507176,2.23147112277872e-05
0.000277117287957313,7.59763532680636e-05
0.00029045109148546,9.52078204205143e-05
0.000283107388065416,6.71346418334613e-05
0.000252499419684913,-2.14983614893535e-06
0.000200311061037401,-9.04014333978168e-05
0.000130334292159111,-0.000167040613357285
4.85053787026583e-05,-0.000183417445880694
-3.82644909986181e-05,-0.000177564268903987
-0.000123826405730686,-0.000207692717623303
-0.000202946830080011,-0.000285373476499368
-0.000266565547665788,-0.000378328958798516
-0.000316935626366338,-0.000462805705826015
-0.000350928448600364,-0.000513788662599346
-0.00036614990822026,-0.000514106268915928
-0.000364777290072836,-0.00047981364552049
-0.000353311197245038,-0.000419647774480114
-0.000331995626484342,-0.000339088104184973
-0.000301458745285815,-0.000246172640757156
-0.000262705326528099,-0.000150755113691793
-0.000217129989769244,-6.30747298621776e-05
-0.000166413363902039,8.03541645834414e-06
-0.000112475495576486,5.60116259496644e-05
-4.36616675834979e-05,6.96848920162199e-05
2.27569103243133e-05,6.23081736143515e-05
8.34203156418562e-05,7.02071348227657e-05
0.000135658252843545,0.000100589629306325
0.000177298059795506,0.00013927925813317
0.000206288346024193,0.000171236286612006
0.000221096967513786,0.000184981892724296
0.000220777145294671,0.000174966168806348
0.000201332530526526,0.000135217485909725
0.000162539267199591,8.04704912953214e-05
0.000107011243034984,3.16913705587494e-05
3.88697756283533e-05,1.1379142261918e-05
-3.65409082583633e-05,1.68994498233711e-05
-0.00011426888542188,-3.11622550576338e-06
-0.000189886738677439,-7.2259281454372e-05
-0.000259281740812031,-0.000179639512770543
-0.000332327346496992,-0.000322495371254694
-0.000381241356127491,-0.000417296504648825
-0.000400108224090308,-0.000422116534838381
-0.000385707599312534,-0.000326793544834665
-0.000365198371164681,-0.000245207086633153
-0.000336331286681615,-0.000150482751730884
-0.00029987979059204,-5.09477099247756e-05
-0.000256912661165151,4.46626038440105e-05
-0.000208767066195454,0.000127849600161219
-0.000157011985346782,0.00019177911249154
-0.000103341553224985,0.000231997607492348
-4.95247556056387e-05,0.000246840173338742
4.24478650584453e-05,0.000247271620008482
0.000121274349989903,0.000264186104791745
0.000180750217140099,0.000305575440275829
0.000216316673815903,0.00034228258723229
0.000225439333039795,0.00033983190861806
0.000215846799415366,0.000308299178557556
0.000188012696607594,0.00025523827469847
0.000143716050087878,0.000196641444023191
6.8584270185648e-05,0.000162185543912431
-1.90434445227951e-05,0.000151616877954915
-0.000110191665961851,0.000116197771056326
-0.000196557306032306,3.13018207255944e-05
-0.000280825196071994,-0.00011221847845854
-0.000337630118614434,-0.000223853303366713
-0.000358512068497378,-0.000245085719690836
-0.000338919534177784,-0.00015946286777269
-0.00030215339658634,-5.2975222483765e-05
-0.000248541083136821,6.47573426705012e-05
-0.000181380983038002,0.000168001192611452
-0.000105162394862763,0.000234447995572179
-2.55103757199408e-05,0.000233762771792062
5.21294103322267e-05,0.00021528041062499
0.000123376761118868,0.000235251907108766
0.000184829059592024,0.000291908983813448
0.000227433635156306,0.000342684300339179
0.000258909754018044,0.0003827136306881
0.000277844981783483,0.000400845982361396
0.000283271097678018,0.000390806810521848
0.000277802191055657,0.000362644553085322
0.000263886206718295,0.000319424248783185
0.000241861369661931,0.000265660319393847
0.000212343277840099,0.000207388691725924
0.000176216913121243,0.000151655995445232
0.000134638545765394,0.000105527989020491
8.89636138986277e-05,7.49490366284487e-05
4.07140594697152e-05,6.41816563006917e-05
-5.06721507109159e-05,6.23248994393429e-05
-0.000136840137137371,2.70090868248343e-05
-0.000210449332558858,-5.24969617980931e-05
-0.000265226944157665,-0.000142775990532712
-0.000295017094699746,-0.000190186361970916
-0.000299511487955977,-0.000181514698115852
-0.000277393673090469,-0.000116264282834841
-0.000229829951520776,-1.57035159606765e-05
-0.000204661463143985,2.56160807671731e-05
-0.00017641826819161,6.39927312982424e-05
-0.000145517721475343,9.69716019888154e-05
-0.000112430454942294,0.000122358622587342
-7.76603854850878e-05,0.000140273612585068
-4.1786426899165e-05,0.000144005943072321
-5.39947555465152e-06,0.000132682239338176
3.09524905553555e-05,0.000120590187468884
6.5306543796141e-05,0.000121987436378193
9.89234655421179e-05,0.000133151220126232
0.000131479633981339,0.000152980229952932
0.000162655119282885,0.000179982161644389
0.000252918367316617,0.000299572153217121
0.000313197194442448,0.000393889008873544
0.000335138655393038,0.000401330675907856
0.000314716046509477,0.000306662811475463
0.000276549676446532,0.000198425083658303
0.000221444997696596,8.47274014385137e-05
0.000153282637913951,-8.17487484133789e-06
7.71498937216805e-05,-5.92510158946101e-05
-8.47017262485251e-07,-5.3181171763899e-05
-7.51767436113954e-05,-4.31438933576341e-05
-0.000141393051860269,-7.3695487825947e-05
-0.000195961396009704,-0.000134620211447078
-0.000232417586622261,-0.00018294699511569
-0.000255090018437366,-0.000212418854886449
-0.000262569758889585,-0.000213547407946984
-0.000254151437449154,-0.000184304899018355
-0.000225870036620788,-0.000122039409002081
-0.000179323118586289,-4.87059920809259e-05
-0.000117648624581815,1.22214253074287e-05
-4.53636474168944e-05,3.86636064639881e-05
3.19378591613666e-05,3.33772584444421e-05
0.000109245981169515,4.85842792439867e-05
0.000182220939887843,0.000109301333651495
0.000246970447429141,0.000203014550155304
0.000311063067932543,0.000317074604295409
0.000349837449859289,0.000380633277592306
0.000358614019062221,0.000362377187492289
0.000335461028664718,0.000261956451131927
0.000304095898140751,0.000166821667456754
0.000261240904495618,6.42479241296142e-05
0.000208791074665705,-3.08382379257118e-05
0.000149220511184716,-0.000104820185191731
8.55024324621956e-05,-0.000144939236577253
2.08527602568233e-05,-0.000155188912645201
-4.17628610714342e-05,-0.000153134347392602
-9.97878803565167e-05,-0.000163102054121295
-0.000147515550411593,-0.00019461794585311
-0.000188152809570708,-0.000234304067331865
-0.000220391960554361,-0.000272137088618415
-0.000243110015557669,-0.000299196539399194
-0.000257501203492549,-0.000304572489051678
-0.000246079580569119,-0.000263046422042671
-0.000209404069449105,-0.000186893218903098
-0.000150538178514589,-0.000104431563327552
-7.50977984985273e-05,-6.41532760006597e-05
9.34863231756024e-06,-5.2412867252237e-05
9.54514670496269e-05,-2.76191975619313e-05
0.000176555888295124,3.68011526646345e-05
0.000265553142266845,0.000171755673434779
0.000323843966318391,0.000275164733940732
0.000342335664124724,0.000283412779947596
0.000316708197753869,0.000183630644484045
0.000274776876956372,7.33900533668763e-05
0.000215905954214416,-3.95529062395459e-05
0.000144169160799503,-0.000128077271325732
6.48571167562627e-05,-0.00017124105799104
-1.58131742550371e-05,-0.000165914529271782
-9.24467230532253e-05,-0.00016651474124621
-0.000160663277825259,-0.00020715023568867
-0.000216869270881818,-0.000274057690080723
-0.000257462809725572,-0.000328721421126626
-0.000280706202187373,-0.000354281886524188
-0.000284874077920948,-0.000339496242930349
-0.000269366721016711,-0.000285106422244
-0.000236327110305945,-0.000206239825893327
-0.000187554476263358,-0.000122387153991247
-0.000126215900741636,-5.49506935320586e-05
-5.65339899471563e-05,-2.2258666914324e-05
1.64067482337677e-05,-2.86663072820659e-05
8.80385813681727e-05,-2.66419720349987e-05
0.000154524718126352,1.52854565091028e-05
0.000212564760461144,8.81384000558871e-05
0.000266442099235198,0.000173523426604751
0.000299442109007138,0.000226500739815474
0.000308228362749677,0.000224779388325051
0.000291259349775475,0.000165481078331085
0.000257915472031442,8.38267035494565e-05
0.000208917984772511,-5.91635263839571e-06
0.000147157640946893,-8.22392564870436e-05
7.6568739153286e-05,-0.000126013313554018
2.05526291433423e-06,-0.000117822412180163
-7.17446810235193e-05,-0.000106110289117687
-0.000141025265487609,-0.000136990057766834
-0.000202663750638073,-0.000205464072525767
-0.000250519451445517,-0.000273596302675047
-0.000287101443603162,-0.000330833811036209
-0.000310554740373892,-0.000362800880755878
-0.000319509222940073,-0.000360417869361204
-0.000315032968559034,-0.000328738946206959
-0.000299300787577745,-0.000273334824280698
-0.000272740855408211,-0.000201141138287496
-0.000236269910381396,-0.000121867471828101
-0.000191275688520871,-4.69638080931675e-05
-0.000139620402635661,1.24910160987632e-05
-8.34790585808981e-05,4.79230599670426e-05
-2.52668357540632e-05,5.43042293092737e-05
6.65614546230962e-05,5.67689832905657e-05
0.000149550206540025,9.97916967705334e-05
0.000217036223322166,0.000173949149223319
0.000263406378724452,0.000243389173465646
0.000284349712704315,0.000263972977423817
0.000275352787816265,0.000222685034075172
0.000236493698122625,0.000131973359124136
0.000171260192759966,2.78557681400309e-05
8.20546696970944e-05,-2.45678970690776e-05
-1.72410859225853e-05,-4.17793344604516e-05
-0.000115875643916741,-8.10304343124755e-05
-0.000204348860337294,-0.000165571229910432
-0.000281649745916444,-0.000286497302924671
-0.000325433672540267,-0.000352877471013882
-0.000328883202569282,-0.000319132094161307
-0.000290195108903592,-0.00019313046926723
-0.000239201683999465,-7.83135530271671e-05
-0.000172751983991296,2.39510725022052e-05
-9.59281506248094e-05,8.84485374785743e-05
-1.48225166438151e-05,9.87494480810401e-05
6.41313824474803e-05,9.61645122298535e-05
0.000136073724108132,0.000129344626293723
0.000196886751843434,0.00018889596971059
0.000242948242562382,0.000251339633345192
0.000276876676192209,0.000291210278790515
0.00027099343272239,0.00025255595914501
0.000225013263988833,0.000148443473317581
0.000144700251751203,3.39843067081914e-05
7.29831445918243e-05,-2.39948939134453e-06
-4.49820902879495e-06,-1.07467719259499e-05
-8.23706452933017e-05,-2.5898981160058e-05
-0.000155859799730686,-7.25586851197844e-05
-0.000220830121975276,-0.000152507843731418
-0.000273403493378519,-0.000236093331644347
-0.000310164351990775,-0.000297724590374432
-0.000328395209776989,-0.000317762602215981
-0.000326083370914194,-0.00028448811284427
-0.000302362691789493,-0.000204533879215636
-0.000258418207973471,-9.64505467529462e-05
-0.000197192582602563,1.2626141165407e-05
-0.000169219659577275,4.8887496207086e-05
-0.000139600963546921,7.89404351644135e-05
-0.000108707198725117,0.000101500561173779
-7.69296424793549e-05,0.000115615872003945
-4.4676234220061e-05,0.000120516302498188
-1.23634012562493e-05,0.00011733648959545
1.96255408802115e-05,0.000110493390956719
5.09554413893412e-05,0.00010742077860891
8.63827962887052e-05,0.000115174734789728
0.000120131799940901,0.000132404267185501
0.000151803209894472,0.000156977854186909
0.00018100952280536,0.000186423317883121
0.000256712264822681,0.000287643931459115
0.000288142188186916,0.000319484780281149
0.000269066209278597,0.000245128544187957
0.000201513139380377,0.000105473361023271
9.63005851842059e-05,2.85068572889962e-05
-2.56665323382148e-05,-6.67248579038873e-06
-0.00014413756608807,-7.68071486176976e-05
-0.000241316178970729,-0.000192793942029195
-0.00029829298089817,-0.000285226767212128
-0.000317372531407167,-0.000297039729919246
-0.000294594145977975,-0.000211614572116794
-0.000231864079703033,-6.69594652157313e-05
-0.000133745983690207,4.76437711724522e-05
-1.82707005818649e-05,0.000107614447580878
9.74431101805138e-05,0.000151797472339243
0.00019778095746766,0.000226517154349279
0.000260276504862619,0.000313798681247808
0.000297038393554533,0.000362956751686333
0.000303953589433135,0.000345495531848817
0.000279626657795132,0.000262009178667049
0.000241773283313092,0.000172342883365705
0.000189513487171911,8.26952533263759e-05
0.000126132424533028,1.37070498672416e-05
5.58238440879681e-05,-1.82754130576983e-05
-1.65092201147503e-05,-1.18008148469032e-05
-8.65591290672049e-05,-1.29706938085189e-05
-0.00015074806917825,-5.11166786717637e-05
-0.000206037277106141,-0.000117074156559888
-0.000254481087374313,-0.000188892747501216
-0.000284326503925519,-0.000233247992331699
-0.000292976434324982,-0.000232618167383084
-0.000279204344769892,-0.000184224880193029
-0.000228414362988329,-5.26421391653286e-05
-0.000147360787274993,4.07116563764776e-05
-4.74841619476015e-05,2.67273237881642e-05
5.78810874377304e-05,-1.18104432805494e-05
0.000139610773382576,3.01021833901462e-05
0.000211308537293487,0.000110844272883708
0.000267791761619716,0.000198466698797952
0.000304546090852038,0.000259886410916316
0.000317365093362279,0.000257523062506515
0.000289726409487632,0.000167625135876749
0.000223972806466008,2.8439553916507e-05
0.0001285989868636,-9.22420447064978e-05
5.51992559280318e-05,-0.000114306385044605
-2.01365447099366e-05,-0.000112211605117119
-9.3030865965283e-05,-0.000127062768548577
-0.000159801882712619,-0.000173370237287864
-0.000217311495436576,-0.000240662560887043
-0.000262515388034876,-0.000305807287263148
-0.000292852447096404,-0.000348850759339378
-0.000306372550709939,-0.000355803999617055
-0.000300895745478796,-0.000316350627406796
-0.000274787081844622,-0.000237665918415498
-0.000229544114680617,-0.00013863010066741
-0.000168302634911697,-4.48886828979617e-05
-9.57433711449703e-05,1.14056838506383e-05
-1.76906176373633e-05,3.10762894154998e-05
6.02240934479014e-05,3.90814960493953e-05
0.000132966942314541,6.86648929419118e-05
0.000189957306789869,0.000126230493027455
0.000236873872006341,0.000190113233945201
0.000271341534226419,0.000242542128475739
0.00029141081894863,0.000268975082946925
0.000294600965853432,0.000253592100908099
0.000274412125257083,0.000190833291288981
0.000231869490549594,9.78763442782849e-05
0.00017008328770431,3.2071860949369e-06
9.41965405204227e-05,-5.27896216596571e-05
1.09418568935367e-05,-7.27347522270405e-05
-7.31089647335984e-05,-8.6897753979862e-05
-0.000152032896735208,-0.000129186574423802
-0.000215853435143558,-0.000203550202033178
-0.000267495715639111,-0.000281447954864014
-0.000303811645073887,-0.00033885029565776
-0.000322300618810086,-0.000357339873062842
-0.000320850799722998,-0.000324487257767712
-0.0002979548752089,-0.00024558735713029
-0.000254813918996646,-0.000138858432567544
-0.000194386742382275,-3.11516555725611e-05
-0.000166601277625994,4.76814190398277e-06
-0.000137159474512483,3.44644781377681e-05
-0.000106438229870839,5.66492224982235e-05
-7.48352743699199e-05,7.03720528310105e-05
-4.27658083288865e-05,7.47578427885371e-05
-1.06517270139859e-05,7.13163455349856e-05
2.11203968449296e-05,6.47647367758413e-05
5.22130915039574e-05,6.22692885298696e-05
8.78873329580651e-05,7.07720066317299e-05
0.000121778573143401,8.89131602976612e-05
0.000153460330995596,0.00011440869998825
0.000182519579557499,0.000144621644347892
0.000255496268216946,0.000244030431479542
0.000283152072033714,0.000271447774443571
0.000259552236895249,0.000194098732696458
0.000187390734170912,5.82242691131981e-05
0.000105751187596891,-1.26875917406579e-05
1.18946916457458e-05,-4.38653863149712e-05
-8.44105562749075e-05,-6.90477668111151e-05
-0.000174149784293064,-0.000128773757424763
-0.000249574803722969,-0.000232943999356844
-0.000303843165276823,-0.000322475044747746
-0.00033141366788763,-0.000356006524298156
-0.00032881163389688,-0.000314146683508908
-0.000304714957349721,-0.000230970302358559
-0.000262410536808363,-0.000124181474247282
-0.000204499928271495,-1.76163802412768e-05
-0.000134922163524145,6.44842369736212e-05
-5.88759657438458e-05,9.13224320324074e-05
1.81055580293638e-05,9.08619927382031e-05
9.11963044736004e-05,0.000105528008536722
0.000156393651729169,0.000149514440332541
0.000221212832764664,0.000225283939123171
0.000262998766197774,0.00028125433635739
0.000277558381485018,0.000286774783759738
0.000262902434017699,0.000234271165824411
0.000226611080026909,0.000153493306837568
0.000171136278483209,6.81026572332114e-05
0.000100841598517275,5.78725535183336e-06
2.15968376073433e-05,-9.66038967150341e-06
-5.98434014425323e-05,-7.87135979549784e-06
-0.000137972988928172,-4.45152235843323e-05
-0.000207990619964173,-0.000119964250702621
-0.000265528928603406,-0.00021083791346484
-0.000317450187236623,-0.000298338092834887
-0.000329618444041991,-0.000292598511406634
-0.000298733676321013,-0.000185771188242881
-0.000227876319511977,-2.64751550781764e-05
-0.000126454584617255,8.29376125594363e-05
-1.11349352847869e-05,0.000135510707135839
0.000101725944847456,0.000178864072940166
0.000197629267010066,0.000252259288306359
0.000260502247514853,0.000337228905918742
0.000292093145789215,0.000371684800842556
0.000288163121183682,0.000328510245939782
0.000248450268594617,0.000220955349065748
0.000223531432566478,0.00017057553379262
0.000194099053078269,0.000121555152140435
0.00016076550285639,7.782965998858e-05
0.000124247488206204,4.30001889403017e-05
8.53340344598111e-05,1.777466920044e-05
4.49392237498873e-05,1.06833692530989e-05
3.99545596481013e-06,2.2499021039564e-05
-3.66317247431317e-05,3.49128046694053e-05
-7.2806244462513e-05,3.06536046269634e-05
-0.000107715397960061,1.54959450333324e-05
-0.000140913950219615,-8.73069123179461e-06
-0.000171966037958826,-3.97073636866434e-05
-0.000249957736175383,-0.000150221957327757
-0.000292340776794968,-0.000214881942366644
-0.000291818208825674,-0.000186255903062883
-0.000246838957457873,-7.5109559624427e-05
-0.0002170875295525,-2.04313383784147e-05
-0.000181633802314123,3.15538355446476e-05
-0.000141382413683375,7.5164647284714e-05
-9.74037348182638e-05,0.000105401850880624
-5.09247268158766e-05,0.000116279876079484
-3.23629113149113e-06,0.000113614160262079
4.44824306452962e-05,0.000110360594240806
9.12008836165243e-05,0.000119131167026554
0.000141857944301065,0.000150734718288771
0.000188877527836817,0.000198184241882204
0.00023107127882303,0.000254083607708279
0.000267312478651295,0.000310163827747857
0.000322225449550508,0.000395199116454372
0.000332158156908228,0.00037365146063808
0.00029409365013742,0.000242109273314162
0.000213048303301802,6.48689108777775e-05
0.000103378111630478,-2.77538714842319e-05
-1.56021140181376e-05,-6.34550414433045e-05
-0.000125583984214545,-0.000116071400101457
-0.000211307273730602,-0.000199915225692648
-0.000258073117992172,-0.000261500673921059
-0.000268382596347637,-0.000257766861122914
-0.000239967423348564,-0.000182426501749608
-0.000175759256753979,-7.30668724020991e-05
-7.76716301303948e-05,-2.2403627154994e-05
3.48642112002466e-05,-4.18671073516568e-06
0.00014601695379652,5.93993521645964e-05
0.000241798537762344,0.000178673209521854
0.000301424711406582,0.000281903537108069
0.000335349697400346,0.000334237786243362
0.000339373771997065,0.000308866751895349
0.000312070782807479,0.000209332259950738
0.000266814993159165,9.28041676515804e-05
0.000204359015437803,-2.17930381198405e-05
0.000129369577259776,-0.000105908984060389
4.77652177896602e-05,-0.000139261172333536
-3.37674973091295e-05,-0.000135585682529432
-0.00010972164316487,-0.000148999412178494
-0.000175571811662862,-0.000198010043589071
-0.00022754263271971,-0.000263815987915436
-0.000262392563113513,-0.000309918495639862
-0.000277524622417284,-0.000319396552766362
-0.000271524076433623,-0.000285257109661623
-0.000244433822360923,-0.000214871307227756
-0.000207144612444927,-0.000143135691809466
-0.000158379206758311,-7.60406955151965e-05
-0.000100732378846094,-2.85362342537088e-05
-3.74080139081023e-05,-1.23051340976119e-05
2.79648054949769e-05,-1.93751166232944e-05
9.22782105116728e-05,-1.16388882793886e-05
0.000152867371601131,2.85328881637329e-05
0.000207352884337506,9.43153142469607e-05
0.000268750065739378,0.000191526527858098
0.000308516465741498,0.000258189508807956
0.00032250209937113,0.000265354160255693
0.000308559181162561,0.000205994584028576
0.000274652060173283,0.000113912559587753
0.000222551512632687,9.68859137440229e-06
0.00015577449263,-7.99369728208091e-05
7.9210222411162e-05,-0.000131393701048176
-1.0350244188763e-06,-0.000124770896546216
-7.92775480876519e-05,-0.000115415415773462
-0.00015088823099497,-0.000151632580783499
-0.000212111882226699,-0.000223877030019984
-0.000255676185494109,-0.000286051437779435
-0.000285720388403979,-0.000329217877878117
-0.000300475379042242,-0.000340405221931544
-0.0002988580206528,-0.000314303649079405
-0.000288007855111368,-0.000275739126609449
-0.000269403423544724,-0.000224444283238624
-0.000243473406910523,-0.000165515662491661
-0.000210889425130667,-0.00010506778561727
-0.000172555110329175,-4.97704384058968e-05
-0.000129598857487601,-5.91848829624137e-06
-8.33070483976596e-05,2.14478852117602e-05
-3.50932826647921e-05,2.89890993036594e-05
5.84391402511588e-05,3.15422879914432e-05
0.000145294933444607,7.17528427370256e-05
0.000218267461258089,0.000151974023648979
0.000271227492764766,0.000236279499866835
0.000298543853722223,0.000273325680735322
0.000299418299953259,0.000251082448887199
0.000272964502037884,0.000172905950068432
0.000220974524764672,6.43018360732158e-05
0.000162951778348694,-2.43719523540457e-05
9.49989354388216e-05,-7.17775533638033e-05
2.18413913520172e-05,-6.28100774126731e-05
-5.17843460492806e-05,-4.33754747521809e-05
-0.000121788512915854,-7.07757311413145e-05
-0.000185025536757692,-0.000129917888227786
-0.000238373463799646,-0.000202221276987526
-0.000278985808876699,-0.000266902117789866
-0.00031077282589635,-0.00030719188295915
-0.00030361496587686,-0.000258792281733433
-0.000257137019513773,-0.000137128252055866
-0.000176787512481183,1.25773613063269e-06
-7.44484586330172e-05,5.34239132494098e-05
3.49442991051512e-05,6.49048561406464e-05
0.000137676731249512,0.000114967127175738
0.000222315783302964,0.00020983516495416
0.000271567626678338,0.000283323387206373
0.000297781253262043,0.000315612098402477
0.000298179189091319,0.000289549407035929
0.000272078566551359,0.000209944827077037
0.000235964074552761,0.000129543363320944
0.000187605391156874,4.97016285858804e-05
0.000129560396959939,-1.32409866323667e-05
6.506279140743e-05,-4.58522588819385e-05
-2.04382280440326e-06,-3.73914345464935e-05
-6.82220327144035e-05,-2.82248065138592e-05
-0.000130556372729627,-5.4285203264742e-05
-0.000186619128439565,-0.000112204262471095
-0.000234676665439253,-0.000178009575580975
-0.000271750990459075,-0.000236166712884262
-0.000295933347223513,-0.000272154905076404
-0.000305784555389976,-0.000276331685283287
-0.000303062399904169,-0.000255438356986741
-0.000291319864185882,-0.000215563365086517
-0.000270762477370339,-0.000160918427237964
-0.000241906924054014,-9.77486176229971e-05
-0.000205576948636856,-3.37846876610799e-05
-0.000162916448371559,2.27742218118619e-05
-0.000115314779356605,6.46849279770462e-05
-6.43733985264104e-05,8.6343571859367e-05
3.00018976174142e-05,8.60024113556829e-05
0.000120538481689215,0.000103699579902439
0.000199830916601658,0.00017416772341948
0.000261705345363636,0.000268569360648801
0.000297473752240549,0.000323344271814962
0.000312747547687832,0.000333001696954969
0.0003059070488555,0.000290320722448581
0.000276933089585896,0.000204216574602312
0.000216129679161665,6.57119778314993e-05
0.000133694148813738,-2.51584490146547e-05
3.94691868480982e-05,-2.34817898929203e-05
-5.59630264145822e-05,3.17273679738549e-06
-0.000142997401046689,-4.22683408095144e-05
-0.0002146201181674,-0.000123359651556638
-0.00026429099381902,-0.000196556535346517
-0.000286847801632592,-0.000224771817152462
-0.000286377889195559,-0.000211817591888714
-0.000276535641034329,-0.000179766565130624
-0.00025746286050103,-0.000132317289858655
-0.000229634362084477,-7.54948263153523e-05
-0.000193856344563004,-1.7086480001677e-05
-0.000151286893685516,3.43772797176544e-05
-0.000103358185612308,7.12290252863714e-05
-5.17420936544853e-05,8.74243410528356e-05
4.27206766524697e-05,8.78189835241659e-05
0.000134318151576139,0.000117585223481187
0.00021570142045865,0.000200739916451132
0.000280525363174214,0.000306119247309785
0.000321869651163693,0.000373695386945874
0.000338976506597644,0.000382557388268113
0.000329686512740806,0.000323492639433473
0.000294125460110658,0.000210441221727503
0.000227653691588518,5.39030565826734e-05
0.000140505885511286,-5.04027492687703e-05
4.32747994264997e-05,-5.98884505077976e-05
-5.29208870498869e-05,-3.72133480174464e-05
-0.000132668312396749,-7.31494227824666e-05
-0.000197177298684727,-0.000137897411384734
-0.000241259472466141,-0.000195465576584829
-0.000260894608185137,-0.000216611242640381
-0.000259316749309835,-0.000202174408008722
-0.000246341878336175,-0.000167557980855617
-0.000222287258178862,-0.000118204818113817
-0.000187967536795009,-6.26436244944554e-05
-0.000157581360609825,-2.47754874093948e-05
-0.000123181134232421,6.7041295691914e-06
-8.55216884011551e-05,2.81658924341668e-05
-4.54513309860604e-05,3.66735667003486e-05
-3.9240364146584e-06,2.71500353532072e-05
3.81631068215342e-05,1.56250168052091e-05
8.00656008261524e-05,1.97768065270968e-05
0.000121157066260718,4.18629695549607e-05
0.000166804414507602,8.20766842192448e-05
0.000209596278114792,0.00013469505372832
0.00024859167948081,0.000193944824064693
0.000282888473805771,0.000253360902716232
0.000344633677297224,0.000363041927106467
0.000356587915280339,0.000345242005572347
0.000314449307018683,0.000192875285449863
0.000224040878269788,-1.41498644228795e-05
0.000110434363451501,-0.00011720990477833
-1.08792806429827e-05,-0.000156558677358892
-0.000121554139880346,-0.000205795892787184
-0.000206547861129676,-0.000281498040102632
-0.000252225105452586,-0.000334435010804646
-0.000259972838150863,-0.000321270118906742
-0.00022810356264788,-0.000239421410925732
-0.000160454979766834,-0.000130859416473448
-8.71289544599828e-05,-8.061525620956e-05
-4.35973960098108e-06,-6.23582517959495e-05
8.06326609705936e-05,-4.33918439538617e-05
0.00016121889006317,8.97530443057961e-06
0.000231613128648293,0.000102697309012925
0.000286530419896506,0.00019624821661921
0.000321401151958705,0.000256137367077673
0.000332809669063119,0.00025959679699284
0.000321320333241341,0.000207228753652264
0.000289309250023627,0.000115399912273723
0.000238524462777473,5.96093089685922e-06
0.000172357178072175,-9.37434314220773e-05
9.57380645327161e-05,-0.000150345649712494
1.46132303117038e-05,-0.000168865528211303
-6.53876389995806e-05,-0.000177926285064453
-0.000139324261370927,-0.000209494550622355
-0.000200091974782273,-0.000270844564769696
-0.000248669465307321,-0.000335072830925919
-0.000282364852993164,-0.000381009516954899
-0.00029908810309454,-0.000392959989010846
