0
0.769230769230769
1.53846153846154
2.30769230769231
3.07692307692308
3.84615384615385
4.61538461538461
5.38461538461538
6.15384615384615
6.92307692307692
7.69230769230769
8.46153846153846
9.23076923076923
10
10.7692307692308
11.5384615384615
12.3076923076923
13.0769230769231
13.8461538461538
14.6153846153846
15.3846153846154
16.1538461538462
16.9230769230769
17.6923076923077
18.4615384615385
19.2307692307692
20
20.7692307692308
21.5384615384615
22.3076923076923
23.0769230769231
23.8461538461538
24.6153846153846
25.3846153846154
26.1538461538462
26.9230769230769
27.6923076923077
28.4615384615385
29.2307692307692
30
30.7692307692308
