0,0
8.56671608430526e-06,-3.17795200114316e-06
3.37328828058069e-05,-7.69284650685714e-06
7.42960930578164e-05,-3.09773254720593e-06
0.000128518693320889,2.49456858122301e-05
0.000194228691132256,9.23254507150627e-05
0.000269041921256422,0.000210803317079501
0.000350357640291177,0.000384459268814288
0.000435383910282176,0.000608056769946917
0.000540646157754411,0.000929302372330827
0.000640993449408155,0.00125201287718228
0.000730104676420406,0.00151610516231538
0.000801605851326672,0.00166092658534776
0.000852999644526246,0.00161968874990492
0.000868273278505898,0.00134394343927604
0.000843737255845158,0.000858654188265887
0.000780028086162024,0.000238635421776739
0.000682150608565733,-0.000407281299640992
0.000560363442668057,-0.000975464246248609
0.000427229648394887,-0.00139710716034625
0.000296380784705777,-0.00165086590231142
0.000201931155223261,-0.0017480145235414
0.000122769963139269,-0.0017802573637521
6.24515580033256e-05,-0.00177675260477158
2.28031903857618e-05,-0.00176218993942696
3.9409158365152e-06,-0.0017536667622453
4.39475761478358e-06,-0.00175257283545822
2.16979966168018e-05,-0.00175255982029651
5.25577844006857e-05,-0.00174177908945434
0.000135556414320239,-0.00163965614160819
0.000223092944595116,-0.00143770276436626
0.000284719564237023,-0.00120536877263006
0.000293955761495661,-0.00106050172145627
0.000280272482417907,-0.00105367686084145
0.000256790384503272,-0.00106655098866683
0.00022347064782983,-0.00109369678827079
0.000180655738294345,-0.00112712480797855
0.000129010419139628,-0.00116187474554956
6.9801381939629e-05,-0.00117361216163026
4.58173602007356e-06,-0.00115420217403896
-6.50663605356629e-05,-0.00113662640249059
-0.000126007568976987,-0.00115324803142362
-0.000188594966577597,-0.00119627814039326
-0.000252183011051491,-0.00126563618330777
-0.000316108150787593,-0.00135930162981624
-0.000450885513133865,-0.00162270666962897
-0.000576783300611743,-0.0019094600292376
-0.00068611842012766,-0.00213673407632953
-0.000771163765314485,-0.00222236093140239
-0.000831953347411701,-0.00203813418889347
-0.000835680140608906,-0.00153315994832403
-0.000780779528034074,-0.000793606666507064
-0.000675573820537148,1.38778988135321e-05
-0.000560416083358723,0.000600469125957682
-0.000436446263435294,0.00103400130969904
-0.000318081808896212,0.00129634412165365
-0.000218132318153209,0.00141364713161481
-0.000155434363130689,0.00144159681823867
-0.000116249901068089,0.00143496353594167
-0.000101527957326259,0.00141180409991771
-0.000110285134175457,0.0013762372413764
-0.000138320703367608,0.00132260090870869
-0.000182181738226826,0.00123502812783206
-0.000237916093848003,0.00110269473800586
-0.00030110793465284,0.000922384390848594
-0.00038066751640364,0.000650162941567004
-0.000455332546305771,0.000361753258672487
-0.00051625549835362,0.00011330174738947
-0.000555082303499403,-3.73760455933068e-05
-0.00056061043272309,-1.08684064631883e-05
-0.000506084843864471,0.000242220424924243
-0.000393306509008074,0.000615122436047019
-0.000237111919948236,0.000941697506506377
-0.000136150685089868,0.00103655586784744
-3.54390219931815e-05,0.00106829657446365
5.96651107267557e-05,0.00107186239979082
0.000144907584519657,0.00109016518893689
0.00021726016277177,0.00114023136146997
0.000274217650932375,0.00118538197182918
0.000313595348605995,0.00120078966119437
0.000333817878746058,0.00117074979076051
0.000334907797643673,0.00109977234768745
0.000319852129743872,0.000994301457907989
0.000289745797409092,0.000867461103811619
0.00024658950945942,0.000736756888277008
0.000193222681014483,0.000621609832168487
0.000133266198952613,0.000537666007762923
7.0693000540015e-05,0.000493968468284065
9.6369309960135e-06,0.000491445144101492
-6.09666283403772e-05,0.000490973825294792
-0.000116614949106306,0.000460208733914185
-0.000152568051347062,0.000420010963915253
-0.000165162758353178,0.000393113726163105
-0.000139228073481282,0.000417615172047097
-6.52950811938467e-05,0.000441483283907519
4.76882495125917e-05,0.000434932184973297
0.000186384315606144,0.000495248584532469
0.00031793607785698,0.000699719277675396
0.0004486908127572,0.000996837158435499
0.000568269929841145,0.00131001354109611
0.000665931584544122,0.0015367511695126
0.00072790758855855,0.00157597181457416
0.000754254977743571,0.00140489439103304
0.000740728529143831,0.00103004596378369
0.000687411637858387,0.000512130834350216
0.000604839362452528,-1.68015074001758e-05
0.000499482300245406,-0.000496692694638547
0.000382040640310665,-0.000865396282756502
0.00026448914374631,-0.00109759687860986
0.000159552525421577,-0.00120357411598981
7.56004761787367e-05,-0.00123016933707341
1.86305868379587e-05,-0.00122182448324103
-8.6547360379813e-06,-0.00121005109888924
-8.94988590079486e-06,-0.00120866126234479
9.37993846860438e-06,-0.00121133386125922
4.35928089877614e-05,-0.00120809406855467
9.02762325859552e-05,-0.00118280282254777
0.000161165691921806,-0.00109412495500102
0.000237418031425384,-0.000938780301618888
0.000310373301421366,-0.000735876250912467
0.000371339222670438,-0.000527529994798481
0.000412006323944977,-0.000369575686338077
0.000424645119013194,-0.000308503864501372
0.000404207448465122,-0.00035984933574472
0.000349097647441304,-0.000500404989902287
0.000287762295352418,-0.000628067050217275
0.00021160821722681,-0.00074339747243158
0.000124438399159819,-0.000819893471300154
3.10147121521915e-05,-0.000838860557651812
-6.345527563992e-05,-0.000834702610052325
-0.000155221991398526,-0.000869563612043304
-0.000241183163330204,-0.000951594460421387
-0.000318492212813708,-0.00106145139391477
-0.000404770298549601,-0.0011952767841438
-0.000463170634665634,-0.00124841764492759
-0.000488546697468465,-0.00117803326519066
-0.000478360653475987,-0.000981243836869366
-0.00042613408617138,-0.000657838865806611
-0.000338785382213222,-0.000321992873845538
-0.000229295876362949,-6.02996968746693e-05
-0.000114399571340949,7.90151741418602e-05
-3.83673772995812e-05,9.40447167728116e-05
2.49510683008809e-05,8.17589841614751e-05
7.14116702271142e-05,8.16459739228717e-05
9.84113186232156e-05,9.26052466797412e-05
0.000104895592900142,9.42127131087882e-05
0.000101485949332099,9.04603559992125e-05
8.82530054219384e-05,8.25418526078516e-05
6.5592288173352e-05,7.41813417548225e-05
3.42435317249067e-05,7.30543402122385e-05
-4.69307234798351e-06,7.82485031203063e-05
-5.00237135163648e-05,7.99958504354719e-05
-0.000100536027592127,6.51841719964829e-05
-0.000171062129845349,5.6660069924764e-06
-0.000245623252250885,-0.000101842862202583
-0.000321554634062188,-0.000253347587218694
-0.000396090788691287,-0.000436309892876848
-0.000485690322173911,-0.00068658383807935
-0.0005617785682107,-0.000897571044272802
-0.000618234599390526,-0.00101567204158656
-0.00064970299144882,-0.00100184526374816
-0.000648272745237339,-0.00078035701716313
-0.000600473834612089,-0.00038608834115825
-0.000510145240445266,8.70529411930996e-05
-0.000388094958691499,0.000523431899038234
-0.000311781823222688,0.000709256706789268
-0.000234059912588579,0.000842893196651606
-0.000158277783028846,0.000923799967911078
-8.75865727562051e-05,0.000958256166167781
-2.4868597694967e-05,0.000954401246805245
2.77262162794972e-05,0.000938355080903195
6.87549878550899e-05,0.000931144374866019
9.73903134623543e-05,0.000930677871797134
0.000113275173703115,0.000923505711010844
0.000116087651904346,0.000907936007325643
0.000106199861945324,0.000885253111326356
8.45217520787545e-05,0.000860904335343301
4.22239432350497e-05,0.000847904321358287
-1.24456884848187e-05,0.000846366850411457
-7.49543688914557e-05,0.000829903262447529
-0.000140854719694354,0.000775813746600447
-0.000205865318889681,0.000675167647446399
-0.000265720766816398,0.000546046319096839
-0.000316233199560931,0.000411428743343597
-0.000353443331794482,0.000297486090595935
-0.000376578457219216,0.000219569273185314
-0.000360022022875039,0.000257628005005995
-0.000301627882731422,0.000391068929661629
-0.000205439172077219,0.000551278236120202
-9.24820050419061e-05,0.000614470039901359
3.1451621125604e-05,0.000633772311579109
0.000155466298098878,0.000694234214407879
0.000270454791926589,0.000823508537662769
0.000356418485933178,0.000964457939632291
0.000424805338522592,0.0010772804763102
0.000471157114301604,0.00111948097658131
0.000492008145710393,0.00106516333412938
0.000490680070439282,0.000972731485698335
0.000477212805361724,0.000841564685882216
0.000451991094933839,0.000681415450033615
0.000415902800528772,0.000505193242217348
0.000370321426990141,0.000327798549798551
0.000317112404610364,0.000163757693490996
0.000258475604778707,2.49657463582502e-05
0.000196873277757973,-8.04433552806009e-05
0.000104698026695858,-0.000162371947259409
2.04236846906755e-05,-0.000183773731813209
-4.9050659267445e-05,-0.000186443513214462
-9.87374102285666e-05,-0.000194710906244678
-0.000123776583909819,-0.000204988710773868
-0.000129079056766616,-0.00020277496221404
-0.00011431344282013,-0.000186379088482497
-8.04175394051266e-05,-0.000165046311920616
-2.97736795724586e-05,-0.000167069018789937
3.39309013641363e-05,-0.000175281362881912
0.000106942768602986,-0.000151824680525607
0.000185633291892567,-7.60157972164585e-05
0.00026592112122197,5.44759511967152e-05
0.000344524178140085,0.000225944599661336
0.000417637754918025,0.000414922037415106
0.000481433434291973,0.000590838345993256
0.000543157715043556,0.000742909991180401
0.000576733547589957,0.000764311717724466
0.000577126716270098,0.000633060325724205
0.000542338003336212,0.000369030807538095
0.000480230106736352,5.61899594401696e-05
0.000394195319561519,-0.000257431300405649
0.000291491404528028,-0.000515896999547854
0.000181349186036623,-0.000682705742526789
9.56287072996671e-05,-0.00073655600191582
1.65944192871574e-05,-0.000745859814586484
-5.19437012560394e-05,-0.000743318454639641
-0.000107219122824342,-0.000748865829610378
-0.000147414259991229,-0.000761288394926643
-0.000171156346224179,-0.000762538610593066
-0.000177717920120447,-0.000744273107030923
-0.000167157197387121,-0.000706880835922163
-0.000112416977444992,-0.000631133314162327
-2.31543256876714e-05,-0.0005766138939478
8.43246896489164e-05,-0.000532654787260817
0.000192766981628215,-0.000433813578788154
0.000280403508693221,-0.000259541820452427
0.000343003184690448,-0.000103939946899589
0.000370356593226273,-3.635968208526e-05
0.000355607517027664,-8.72037941836833e-05
0.000318517897042057,-0.000186570565046171
0.00026079528332477,-0.000307406496707753
0.000185574835344178,-0.000417460699493129
9.76661387889812e-05,-0.000485868988895131
3.50736713085608e-06,-0.000478949494363587
-9.08449565769212e-05,-0.000466975584871731
-0.000180662547637499,-0.000518688797195133
-0.000262236648060035,-0.000626341112271421
-0.000322690221354701,-0.000723798251354184
-0.000372330528433075,-0.000806866929671569
-0.000409105956632882,-0.000856418366075737
-0.000431303094702121,-0.000858562165910802
-0.000433241424730496,-0.000743738032342365
-0.000392140714280071,-0.000516524160688562
-0.000312709568870768,-0.000244859028425875
-0.000205889286881074,-1.47098696939114e-05
-0.000119241048512999,7.69616739041746e-05
-3.37219402185063e-05,0.000109505631751103
4.42871352389974e-05,0.000113324062140332
0.000109640799862672,0.000126036172191019
0.000158612587832106,0.000161717983081179
0.000188319228388048,0.000188094257134927
0.000196704597354396,0.000188707002041112
0.000182909660760492,0.00016048066179693
0.000117371803962863,9.67230212818019e-05
1.03221070131784e-05,4.23580517466059e-05
-0.000120832462904736,-2.57493961499587e-05
-0.000257162262415213,-0.0001801365159821
-0.000376322768539831,-0.000437387075528631
-0.000467741861638033,-0.000652657466928137
-0.000517399935691535,-0.000713110342205842
-0.000515418383780355,-0.000566918278856018
-0.000492789317944729,-0.000416648213985381
-0.000456101636035848,-0.000234722233748191
-0.000406638977397382,-3.99009970362138e-05
-0.000346414640807959,0.000147861418175965
-0.000278090777347222,0.000309366735735565
-0.000204867306016051,0.000430735817763534
-0.000130149914262281,0.000504716650295766
-5.73956124819363e-05,0.000531548447250854
3.14202229176229e-05,0.000528676472791845
0.000105091568102543,0.000531718073991607
0.000159500881825976,0.000553414871729079
0.000191878951349488,0.000572238626244559
0.000200771162345011,0.000562337737758697
0.000193584133309115,0.000530865160558402
0.000170792665094578,0.000483697854186385
0.000133750194441178,0.00043274986404674
6.41261102386104e-05,0.000400296311845578
-1.9630046017131e-05,0.000389575384044452
-0.000109301700858981,0.000351150802428679
-0.000197294678442798,0.000256227671285195
-0.00027835953424258,0.000106147040445051
-0.000343001470317128,-4.27942167889314e-05
-0.000384552931542566,-0.000141162896548964
-0.000397655848132985,-0.000154042431620619
-0.000385556049399556,-9.43342233053254e-05
-0.000353283319605131,1.39703841579333e-05
-0.000301920364678921,0.000149030505444338
-0.000234057078349209,0.0002823671344608
-0.000175901956300822,0.000360861025511359
-0.000113025752585137,0.000411037736097181
-4.7669942699183e-05,0.000429610864074907
1.79313298162553e-05,0.000422745735988755
8.17347207435542e-05,0.000424278370812645
0.000142321154180755,0.000454958380542256
0.000198414518390392,0.000506826338595363
0.000248760208785194,0.000569810899490063
0.00031994758766182,0.00067413927430617
0.000363322140039622,0.000719824747654088
0.000374573297373782,0.00067428734791396
0.000352082014011817,0.000540035514217294
0.000283240298898103,0.000292451512683635
0.000180823111923305,0.000116705764532127
6.2729747363734e-05,0.000108540068487297
-5.18406360900196e-05,0.000157124406136958
-0.000131993886089023,0.000117192917795216
-0.000192387174528437,5.17450689397264e-05
-0.000227451610226083,2.66714129555778e-06
-0.000233148169878701,-2.50998127460553e-06
-0.000215504368343064,3.02699388037754e-05
-0.000178772236050866,8.22128026242427e-05
-0.000124770760728576,0.000133912300206911
-5.6713242145846e-05,0.000162395049379036
2.08650731477293e-05,0.000154442922685445
0.000103590507802587,0.000163226193649618
0.000187700530252574,0.000230347366601354
0.000269771473512637,0.000354300398109385
0.00035013545328733,0.000514830139655872
0.000420369632213497,0.000674227202073853
0.000476478912661889,0.000797063361906604
0.000514826886760225,0.000852389119284452
0.000532612077482092,0.000814089346280908
0.000525431567425068,0.000676254979270163
0.000492855661069658,0.000456740455065757
0.000436596534700049,0.000191408193009535
0.00036046078516726,-7.23591424163502e-05
0.0002705430177459,-0.000290640559986967
0.000174048186588295,-0.00043469417597213
7.87870610200909e-05,-0.000496356790137724
1.08077022425066e-05,-0.000487982067749316
-4.86776128374618e-05,-0.000468383712970285
-9.75932496938462e-05,-0.000470283657571262
-0.000134568145103501,-0.000487876532200726
-0.000158628050856113,-0.000497361730731465
-0.000168857928581793,-0.000493564803284762
-0.000164948267716695,-0.000474090097900949
-0.000147181970258993,-0.000442363241101326
-9.16308588858068e-05,-0.000394190867932705
-1.05964134246762e-05,-0.000365258977628797
8.58505764394247e-05,-0.000334019824503153
0.000187235333784915,-0.000247141369225065
0.000291458459934534,-5.40670637824606e-05
0.000377607553112191,0.000153414292263087
0.000434215438700499,0.00029120648497399
0.000451936211176541,0.000296442956609388
0.000444408593126921,0.000240952375191128
0.000425949450643014,0.000153149459002237
0.000396776155545179,4.10953123987589e-05
0.000357537201824846,-8.43974912199229e-05
0.00030930386118693,-0.000210662813752605
0.000253587490020362,-0.000324909482734361
0.000192222866761138,-0.00041627513300409
0.000127315190898905,-0.000476832548155844
5.11464576727504e-05,-0.000493976399338144
-2.31132194149983e-05,-0.000486975717178155
-9.27066002247811e-05,-0.000495953093704601
-0.000155528378437024,-0.000531824242657264
-0.000209893669681569,-0.000582590825877494
-0.000254057968499481,-0.000632115101986473
-0.000286526820040438,-0.000665956746831365
-0.00030608754643736,-0.000673353070465132
-0.00031118077882897,-0.000636942673948374
-0.000294646549498916,-0.000554776205205593
-0.000257485054975375,-0.000442900494323324
-0.00020233068904272,-0.000326743928783059
-0.000177677230340892,-0.000288292751134575
-0.00015133013499191,-0.000254951448183424
-0.000123591652695854,-0.000227951805168211
-9.47834094636402e-05,-0.000208291500191147
-6.52340090557235e-05,-0.000195210516993633
-3.53086636156101e-05,-0.000193263678844729
-5.37234500948123e-06,-0.000202852084662264
2.42447734997377e-05,-0.000213185822532673
5.36442942453686e-05,-0.000213377694279759
8.22590409853771e-05,-0.000205688793023402
0.000109874643394781,-0.000190984434803419
0.00013627863503291,-0.00017035091048125
0.00022371566505775,-5.61867495391383e-05
0.00027789977953838,3.74680067064659e-05
0.000289951075582166,4.80294943859481e-05
0.000255738497305631,-3.29539574444521e-05
0.000200590454517399,-0.000138263397598531
0.000124936833345206,-0.000205299553043677
3.5401920858706e-05,-0.000195500820752843
-6.0703171773261e-05,-0.000170908901578561
-0.000156737676479735,-0.000223945159579772
-0.000247736286170188,-0.000339081140671741
-0.000328479274919828,-0.000484431030066492
-0.000393871332600917,-0.000618168657863153
-0.000441794965985386,-0.000698224390438323
-0.000461132226482594,-0.000676040250283381
-0.000449015597343733,-0.000544473166519558
-0.000405487971752213,-0.000329858431905589
-0.000335189940127858,-8.92754643453761e-05
-0.000244408731918152,0.000120282999290129
-0.000142072867590506,0.000254410461365943
-3.85630014768802e-05,0.00029503736558366
5.50691657747967e-05,0.000296368587064565
0.000132369705583603,0.000319698840729108
0.000187973616251925,0.00035918219473297
0.000218000469131993,0.000384613339936427
0.000221526896398233,0.000369585551215232
0.000204289701387103,0.000325002073936536
0.000167284289934064,0.000263693190952838
0.000113029228415763,0.000206962612585405
5.14488804961666e-05,0.000189597306812909
-1.72588927935708e-05,0.000190121962536811
-8.93570588872626e-05,0.000173245702191386
-0.000161518737179171,0.000117627050483879
-0.000230749438412897,2.10041511265035e-05
-0.00029401843019945,-9.81089140749776e-05
-0.000348360498386605,-0.000218371464763909
-0.000390954985064897,-0.000317034558177787
-0.000427901978241004,-0.000379235844396177
-0.000423747836163772,-0.000304557947079413
-0.000376318613869239,-0.000110630222035257
-0.00028968828085209,0.000131683280652133
-0.000254534118670526,0.000203242897687822
-0.0002167957821137,0.000266194949272044
-0.000177033936923178,0.000317976179602302
-0.000135850744862234,0.000356636558849032
-9.38647855520556e-05,0.000382770406154665
-5.1756450744153e-05,0.00039053986264722
-1.01933764970239e-05,0.000380221941175678
3.02346223528921e-05,0.000367314174883043
7.05607291635749e-05,0.000368564643531439
0.000108828450458974,0.000381590925092458
0.000144663955516753,0.000403741072846091
0.000177701054814949,0.0004320193138216
0.000256452187637122,0.000522817693305373
0.000298497161494218,0.000559932424940633
0.000298547637717966,0.000503261510032287
0.000256103294535897,0.000368271388260459
0.000228286360287907,0.000306110442872443
0.000195142309170583,0.000246720462765444
0.000157462856335928,0.000195247488575674
0.000116177225393222,0.000156282984440921
7.23263889359841e-05,0.000133013786371404
2.706250007389e-05,0.000128133343526088
-1.85092698477566e-05,0.000135880287354557
-6.34090219918755e-05,0.000138230822589767
-0.000104793455910188,0.000121541940196912
-0.000144291697202778,9.12679957637278e-05
-0.000181312009060719,5.06819955593433e-05
-0.000215272908576322,3.69803730179398e-06
-0.000286182600345768,-0.000120130405087488
-0.00032240274988881,-0.000181641953024923
-0.000317620555681543,-0.000141919615189513
-0.000270284190264782,-1.65705073789493e-05
-0.000240015020418966,4.42394793735441e-05
-0.000204102651241684,0.000102967426142664
-0.000163308831253319,0.000153987719816369
-0.000118547451860892,0.000192163495263463
-7.08650277947226e-05,0.000212975350725383
-2.14208264177579e-05,0.000215796648145943
2.86904438608427e-05,0.000208970054803295
7.85106334476324e-05,0.000210536672469117
0.000125958632011976,0.000233486298528913
0.0001717969717377,0.000272694239764921
0.000215389367838358,0.000324474307487123
0.000256103267402384,0.000384253412770416
0.000339023468099509,0.000531242247625541
0.000392993909030182,0.000617513052778843
0.000411544538344522,0.000593682098622725
0.000391407654334427,0.00045406497638007
0.000348615223993632,0.000286146099945272
0.000285153738003396,0.000107624287224638
0.000205787604446638,-4.4171414493127e-05
0.000116914346030862,-0.000139660346735636
4.58362018896578e-05,-0.000154930410613998
-2.27858691577408e-05,-0.000147790032416707
-8.61068779343526e-05,-0.000156270256116015
-0.000141937428801261,-0.000189261427140162
-0.000188516854179176,-0.000233844050221003
-0.000224063240725525,-0.000275163980877477
-0.000247118579594937,-0.000300652784937062
-0.000256586942321933,-0.000302140319062724
-0.000247618681433057,-0.000263709098840225
-0.000214890194605905,-0.000192510758889965
-0.000160556474176374,-0.000112547777867875
-8.8839503518768e-05,-5.46121926221845e-05
-6.09885107006405e-06,-6.26330021516061e-05
8.09764360922735e-05,-7.38004276345404e-05
0.000166821104715504,-1.86114947889557e-05
0.000246804823361695,9.94754547258024e-05
0.000306948901148315,0.000214272958468108
0.000356759018297357,0.000320700484100706
0.000393609914428332,0.000397046587864688
0.000415245527271922,0.000426358949234564
0.000419951848102427,0.000398986721155719
0.00040710297990082,0.000317503288572223
0.000376726015202104,0.000193004151916516
0.000329936396282247,4.48331728385583e-05
0.000268921810062528,-0.00010212940627135
0.000197035182546588,-0.000223091904307079
0.000118347454664421,-0.000299519592902528
3.74514043123585e-05,-0.000322027826719258
-5.88940256425839e-05,-0.000323359776827569
-0.000145046644884161,-0.000356742242151506
-0.000215860992783532,-0.000422367633881014
-0.000267083029438633,-0.000488130284527011
-0.000294377613124093,-0.000510706118670649
-0.000298672332113218,-0.000482414746384079
-0.000279313909418601,-0.000405401904629569
-0.000237445398972757,-0.00029833169274435
-0.000214974040734656,-0.000254001645658068
-0.000189647689288573,-0.000212019109342346
-0.000161800650659775,-0.000174506333136639
-0.000131809884061791,-0.000143416473116745
-0.000100090831348076,-0.000120379853532467
-6.70907590347158e-05,-0.000106947900217319
-3.32769167717297e-05,-0.000104079820326791
8.69361055735651e-07,-0.00011173644588556
4.91781213632531e-05,-0.000118764628276843
9.63502088668289e-05,-0.000104892317182117
0.000141559238061501,-7.28158065866145e-05
0.000183985442508855,-2.66905259917728e-05
0.000262053565349439,9.55079575475013e-05
0.000315799019772341,0.000194977484115547
0.000338950807519494,0.000224497086433274
0.000327628851753387,0.000166600292266791
0.000294783866339531,7.11423308743929e-05
0.000242531845600601,-4.18243423763022e-05
0.000173943427006129,-0.000143814271814044
9.35655083139091e-05,-0.000207743583932549
7.40052271917435e-06,-0.000200625663123089
-7.88277241287347e-05,-0.000185741063145503
-0.000160612673029071,-0.00022832898956781
-0.000234420554720287,-0.000322790165821676
-0.000288151140225464,-0.000409157314989949
-0.000331754335096095,-0.000485274681009877
-0.000363378560562676,-0.000535016513200013
-0.000381485015256512,-0.000546582565398696
-0.000378072049094535,-0.000461103558228339
-0.000330560943876425,-0.00027794382823428
-0.000244212601587364,-6.57985815289195e-05
-0.000130974635272283,9.04234335843816e-05
-5.45362208381794e-05,0.000114405782738396
2.09449037908807e-05,0.0001112216325002
9.17271906349628e-05,0.000124459549775627
0.000154867239359427,0.000166875142124804
0.000207976858294356,0.000225452702377996
0.000248660779168927,0.000279851004772403
0.000274924545175638,0.000313143913536695
0.000285254963099681,0.000314313631656106
0.000276114207267629,0.000270444159981662
0.000244404488300824,0.000190417829237961
0.000191982361590908,9.71535272181412e-05
0.000122571936277069,2.02251671137133e-05
4.18499249779857e-05,7.6548801231016e-06
-4.37803393971888e-05,1.59082835608145e-05
-0.000128825778980144,-1.86486706128911e-05
-0.000208755485258881,-0.000107469309710042
-0.000271283714135245,-0.000208856402500288
-0.00032392495555836,-0.000310042245260511
-0.000364069433414111,-0.000389211531204396
-0.00038943728535699,-0.000428267651786258
-0.000396687142611395,-0.000392215247350892
-0.000368164413403754,-0.000258892912961513
-0.000305429000167454,-6.75428397952562e-05
-0.000214588257889276,0.00011871503582346
-0.000106228808026059,0.000211393080253162
6.63961136052022e-06,0.000242424872052076
0.000112522807753167,0.000280962719120794
0.000202137824356978,0.000355557242407817
0.000271249451339739,0.000446059740588596
0.000306594168749269,0.000479062581667536
0.000303660162054825,0.000423627060822134
0.000262010150245678,0.000295484986884177
0.0002349688654186,0.000235168358016162
0.000202821630512421,0.000176834970195621
0.000166264351834826,0.000125271402902444
0.00012611826151702,8.48407641943449e-05
8.32972754866865e-05,5.74264757718887e-05
3.88505641280057e-05,4.99168024650474e-05
-6.17981420224977e-06,6.03414431717166e-05
-5.0853200916394e-05,6.869933640673e-05
-9.05712748341927e-05,5.80884311926766e-05
-0.000128944704043889,3.45154806159944e-05
-0.000165503401267729,2.94721602767199e-07
-0.000199782100216418,-4.16772581631489e-05
-0.000279748610662967,-0.000172838383265816
-0.000328913884145523,-0.000259524786458675
-0.000340232370317017,-0.000251356146600436
-0.000310476984573449,-0.000144916036980578
-0.000263979510044527,-2.9592858138794e-05
-0.000199526422491052,8.349134515356e-05
-0.000121425906935207,0.000164560712365171
-3.53034215084189e-05,0.000191058702677162
5.24659121349187e-05,0.00018929884242689
0.000136956298693601,0.000221394332270581
0.000214049032248156,0.000299165720907766
0.000280053030231248,0.000401451008045696
0.000342915525294948,0.00050861908632366
0.000375367901641179,0.000539620922882013
0.000373185992135832,0.000469465506973031
0.000335504082610737,0.000313595696166751
0.000292237284136941,0.000187094717426602
0.000236712193249648,6.53196900807452e-05
0.00017176168647219,-3.29856808187835e-05
0.000100866554706268,-9.33872327918036e-05
2.8146364381469e-05,-9.54914335201534e-05
-4.2547535652891e-05,-8.04287165569964e-05
-0.000108194440975365,-9.5761367530879e-05
-0.000166498575022678,-0.000144356128567535
-0.000211910997109169,-0.000197731761652594
-0.000247850939345059,-0.00024749154047443
-0.000272950970614358,-0.000282052005795304
-0.000286111091799614,-0.00029309402017668
-0.000286585286392687,-0.000276396822071043
-0.0002741525594964,-0.000233823054832849
-0.000249052182420453,-0.000171726143298198
-0.000212113835113106,-0.000100544374637052
-0.000179715109606409,-5.21719424913757e-05
-0.000142812293055061,-1.0742133539097e-05
-0.000102208502432242,1.9374790301566e-05
-5.8816032212964e-05,3.45673145986195e-05
-1.36818564244899e-05,2.68270653092945e-05
3.21942956377956e-05,1.36930715962028e-05
7.80131011510545e-05,1.71289401245098e-05
0.00012314055420009,4.13448851252749e-05
0.000171768202668798,8.5630889931901e-05
0.000217935884548265,0.00014492624595335
0.00026078100542018,0.000213470062162977
0.000299455139973045,0.000284635720536158
0.000369009338307938,0.000422755293908276
0.000402075289405876,0.000459714432881745
0.000392742427360452,0.000364207106213861
0.000340241504319535,0.000165555094154262
0.000287627980400984,2.38853934595825e-05
0.000222872101479031,-0.0001034358518858
0.000149507045101468,-0.000196239044661207
7.17109321897077e-05,-0.000241258837131617
-5.82825956602762e-06,-0.000234648325975932
-7.91909165393689e-05,-0.000227081412854031
-0.000145363752027308,-0.000257203145043306
-0.000201994806863955,-0.000316926570390086
-0.000245585279391317,-0.000372296424256167
-0.000276519470610298,-0.000411528849139294
-0.000293339722603274,-0.000422732629294387
-0.000295081168018927,-0.000400404166420881
-0.000286350938419875,-0.000362612076441242
-0.000269190954767629,-0.000310528377290991
-0.000243978407078794,-0.000249407253912993
-0.000211354541623821,-0.000185827174714209
-0.000172216615513103,-0.000127184025377153
-0.000127719067308007,-8.07058785707451e-05
-7.92052114289719e-05,-5.23856655192206e-05
-2.81760340073249e-05,-4.64469437662619e-05
6.55825374983176e-05,-4.30833907167685e-05
0.000155590135133652,8.51190550841578e-06
0.000235823548410894,0.000110299126579819
0.000300802157671312,0.000228775240231736
0.000352583008368638,0.000324295347200588
0.000365673511479602,0.000315354530619776
0.000336402622983356,0.000194534599226433
0.000266688956644772,9.80513360190958e-06
0.000232014902637151,-5.70771640049691e-05
0.000193486948867363,-0.000116427243283645
0.000151841766489794,-0.000164283086377253
0.000107898898144511,-0.000197459697896413
6.25482864851364e-05,-0.000213205553929643
1.67183646112727e-05,-0.000213456377167427
-2.8745866620763e-05,-0.00020683493409721
-7.31253144439635e-05,-0.000207556158037444
-0.000117087758159823,-0.000226145831769825
-0.000158755933159165,-0.000257946513812889
-0.00019757352384359,-0.000299133321585618
-0.000232994993467435,-0.000345354789090337
-0.000307004068126562,-0.000459443894219659
-0.000344164866290252,-0.000497499049103637
-0.000338900297780898,-0.000423780661290075
-0.000290668855651737,-0.000261081406855413
-0.000263857012788596,-0.000194646031209762
-0.000232681766133286,-0.000130048790572065
-0.000197713291231019,-7.13200396032143e-05
-0.000159614791586773,-2.21377752146251e-05
-0.000119126587057359,1.438247742464e-05
-7.70692777244188e-05,3.54392134508114e-05
-3.42878204337831e-05,4.05501211358745e-05
8.38407859034919e-06,3.25134039695762e-05
5.36967874947206e-05,2.79415841070152e-05
9.73020217856127e-05,4.06416011318067e-05
0.000138577667900203,6.769841233611e-05
0.000176910148354339,0.000105300807405228
0.000254047344060877,0.000213599731288343
0.000302337696338313,0.000288727273427164
0.00031578493688145,0.000285779282955301
0.000291573902408837,0.00019871297393145
0.000272056193505092,0.000148162894224883
0.000247269533820156,9.34851143285625e-05
0.0002176257723919,3.87355455776874e-05
0.0001836550246792,-1.18868045705395e-05
0.000145998297005155,-5.42481747860399e-05
0.000105398503350018,-8.47039471970766e-05
6.2670369935223e-05,-0.000100428714897627
1.86860222636489e-05,-9.95933475885661e-05
-8.06547048549241e-05,-0.000104879330630343
-0.000175045164181619,-0.000169810488658552
-0.0002582692220387,-0.000282626748932665
-0.000324574048628535,-0.000402971752808156
-0.000376941990720038,-0.000485778871862916
-0.000383015021153541,-0.000435224037741964
-0.000339794785759942,-0.000257427668791999
-0.00025211710414318,-2.85898738319003e-05
-0.000138183837784742,0.000111466050265587
-1.31637629217867e-05,0.000175193708454398
0.000106155303626866,0.000224207050060182
0.000205668083147266,0.000302903616963635
0.000279303707881676,0.00040202571640768
0.000304546549542584,0.000410754684826205
0.000276228587777272,0.000302652586004567
0.000197779785048511,0.0001364175447555
0.000116727152219095,5.20301877620652e-05
2.43516590312789e-05,1.41843740000639e-05
-7.10502735361478e-05,-5.36792717776533e-06
-0.000161947354526005,-5.66556893230998e-05
-0.000242061913775929,-0.000164800017808479
-0.000305824647237774,-0.000276927774243444
-0.000348123823330304,-0.000351440822028581
-0.000364891927390215,-0.000358779088984741
-0.00036077712835736,-0.000320769846221272
-0.000344600207591834,-0.000253172166641136
-0.00031665647725866,-0.000163811693321613
-0.000277763798702026,-6.38568357639394e-05
-0.000229251617999366,3.33085190755892e-05
-0.000172984012835248,0.000114300699248749
-0.000111197606440425,0.000168284483787755
-4.6428892167587e-05,0.000188211239510551
5.05563725161021e-05,0.000189955121638017
0.000141347176013477,0.000223434350128073
0.000220282027721058,0.000303537120573308
0.000282532182463307,0.000399537338797924
0.000323027762313691,0.000458883227121129
0.000340314181574252,0.000461479766290977
0.000332505675428443,0.000399424069658164
0.00029957024559256,0.00028533913394241
0.000234234037250203,0.000120658156923012
0.00014652799233279,8.87587159585228e-06
4.65893785446012e-05,-3.71822218450348e-06
-5.48783392699484e-05,1.75356520313756e-05
-0.000130820021354709,-1.72884287631728e-05
-0.00019813685604534,-8.76945568828821e-05
-0.000253393021350244,-0.000169371826572934
-0.000293437509183381,-0.000236793668120231
-0.000318489446424997,-0.000265979300332931
-0.000308594521726379,-0.00021299224808113
-0.000263356907034609,-9.42761263310531e-05
-0.000186764894222326,4.10342260822412e-05
-8.82676096714015e-05,0.000104388033492361
2.08461030420178e-05,0.000126019742606969
0.000129693902467493,0.000176115904547614
0.000228971849249751,0.000282666101146486
0.000306888946169669,0.00041337407121508
0.000362684503436658,0.000511775513750721
0.000391066625765876,0.000534929465017322
0.000388571399613277,0.000465126985790512
0.000353817670400775,0.000311393296569766
0.000289441054002669,0.000122969061962206
0.00020152271424705,-4.52907177514427e-05
9.93086747097112e-05,-0.000145578646995641
2.2395474707003e-05,-0.000143491946940294
-5.14063194214784e-05,-0.000124439929273391
-0.000118732721058551,-0.000142226533932112
-0.000177089013177446,-0.000195519877404374
-0.000224383878829756,-0.000252805443082862
-0.000258297398862933,-0.00029788102677451
-0.000277066200336976,-0.000316348603799427
-0.000279489970578799,-0.000300899826541421
-0.000245437066415052,-0.000178085841020091
-0.000169748986868505,-7.7581301735493e-05
-6.49311218953669e-05,-9.65395584243755e-05
5.29698860391315e-05,-0.000144898089123083
0.000149479036618559,-8.98053157890552e-05
0.000237125278842962,2.69311442022864e-05
0.000308834840471401,0.000161728036229932
0.000358059114589298,0.000264113582537957
0.000379247268599369,0.000286948053683601
0.000367761912245761,0.000216096370439647
0.000323027972649724,7.01170030311439e-05
0.000248338889809001,-0.000102795166961855
0.000214800596328591,-0.00015939292850628
0.000178661837276734,-0.000208010604912503
0.000140454948991276,-0.000246215430285179
0.000100754771164535,-0.000272122916637561
6.01693453615752e-05,-0.000284475687358596
1.93319347121527e-05,-0.000283814952230863
-2.11767424881037e-05,-0.000275999945175786
-6.08610762896701e-05,-0.000273069411963247
-0.000101138566895325,-0.000284924983436566
-0.000139710025750574,-0.000308363639351989
-0.000176183398393426,-0.000340822384770229
-0.000210171739233519,-0.000379329750590294
-0.000293450852197039,-0.000499877552665425
-0.00034168090829226,-0.000559367853429777
-0.00034840433737403,-0.000509735981793099
-0.000311739620864782,-0.000359590509467845
-0.000263526963399818,-0.000229296158573157
-0.000199958048801959,-0.000108904811406071
-0.000125367716839355,-2.38898876769107e-05
-4.50738015537226e-05,8.50719960547228e-06
3.50412770774631e-05,5.33022011499591e-06
0.000110340264065674,2.1306670827313e-05
0.000177058077865935,7.53331984326104e-05
0.000231992637891261,0.000150891067914848
0.000275345389191545,0.00021868077132834
0.000297591621244487,0.000246619615695097
0.000296501502698858,0.000221683463084
0.000271392111387647,0.000148613038303372
0.000234731575622869,6.9429440213085e-05
0.000184995957443598,-9.8169309983892e-06
0.000124570202546497,-7.16671656495971e-05
5.65692845292427e-05,-0.000100987475670677
-1.52533727069696e-05,-9.3359564957158e-05
-8.76038190836799e-05,-9.42983018172432e-05
-0.000157791374981576,-0.00013756112301085
-0.000223502166341383,-0.000219902314633914
-0.000297281242297921,-0.000344689961658141
-0.000355465770783644,-0.000456347008293968
-0.000393859434207086,-0.0005195392963853
-0.000409150738783578,-0.000510966877596194
-0.000402457969117773,-0.000441592812594721
-0.000377564809605705,-0.000325457237380927
-0.000335374140097045,-0.000180419499592909
-0.000277981212821191,-3.02217711739429e-05
-0.000231016821769503,6.26527355867727e-05
-0.000179658526201743,0.00013792510524303
-0.000125417239664466,0.000190086198281821
-6.99126483545112e-05,0.000216029886652141
-1.48954316587638e-05,0.000208352396080906
3.80816083378284e-05,0.000192682767181422
8.78372880751291e-05,0.000197281752147969
0.000133488112221686,0.000223763968933826
0.000174942306041972,0.000259943008087298
0.000210434515515269,0.000299516873720784
0.000239158260309693,0.000335291920877155
0.000260399252237606,0.0003609994815577
0.000277833865325559,0.000368010899494179
0.000269173058673677,0.000322652049003022
0.00023457354331512,0.000236196067333894
0.000176570348393446,0.000137365786592554
0.000100122903207726,7.2919715806591e-05
1.2459826542414e-05,4.61407223945651e-05
-7.91764522896178e-05,2.51710832610223e-05
-0.000168183667497585,-3.31194099290723e-05
-0.000242523772090775,-0.000136666052796826
-0.000305944199758424,-0.000252498748459435
-0.00035462309168975,-0.000349794448377789
-0.000385190430675224,-0.000401491260446017
-0.000394915733120864,-0.000393610947916985
-0.00038749464294774,-0.000334251011933596
-0.000362707998283596,-0.000231085861261696
-0.000321365518886794,-0.000100480269914039
-0.000265310983410546,3.48770215535772e-05
-0.000197556624805612,0.000150618430463844
-0.000121892539339914,0.000227270494904805
-4.27168684016613e-05,0.000253262885255512
5.42646063782341e-05,0.000255011078508595
0.000142791031055681,0.000288153984259283
0.000217421398366706,0.000360351210630019
0.000273602705988366,0.000439772665537576
0.000306176987639926,0.000477712658593788
0.0003163089498001,0.000463597171087875
0.000302833545957465,0.00039516746394933
0.000266298009425157,0.00028751639017106
0.000224836540567208,0.000197861155517956
0.000173406558448224,0.000117512698481267
0.000114379210023697,6.00076976709534e-05
5.05841309598801e-05,3.5463881845078e-05
-1.47819819508278e-05,4.29804210084051e-05
-7.90119102969275e-05,4.36096501154495e-05
-0.000139914010143207,1.06183828375943e-05
-0.000195626825144808,-5.23485006502867e-05
-0.000259758203143018,-0.000151306824650092
-0.000306746528489229,-0.000234774760072569
-0.000332908170152115,-0.000273730968392709
-0.000335622252010132,-0.000252699988620647
-0.000316859157980233,-0.000182113839991214
-0.000278470258165322,-7.95374278612282e-05
-0.000222381003702579,3.15357195880036e-05
-0.000151968532020108,0.000124245014628412
-7.20420882491084e-05,0.000162277227681196
1.19362735736545e-05,0.000168699666845809
9.51178634234375e-05,0.000188073957829799
0.000173449225248664,0.000244797328445173
0.000271644544501354,0.000382391629705441
0.000342359763055017,0.000501164807298162
0.00037722500974201,0.000531911184651875
0.000370947292326624,0.000446004089965257
0.000340461714534528,0.000321633645061644
0.000290048586226025,0.000174205176205313
0.000222934741240359,3.42438365285855e-05
0.000143862373009321,-6.93312290155024e-05
5.90039901250432e-05,-0.000100707395251581
-2.53508120214326e-05,-9.95063238645861e-05
-0.00010398824240362,-0.000120015545225189
-0.000172815246392473,-0.00017499024156902
-0.000228367704435428,-0.000243527395269573
-0.000267620542088003,-0.000298143336489108
-0.000288028953432535,-0.000318177904034001
-0.000287923480922661,-0.000293962378145311
-0.000266733869521333,-0.000227821703889595
-0.000225426030306705,-0.000138371044388614
-0.000166493686918557,-5.02515458544275e-05
-9.39711428856911e-05,9.99513566536794e-06
-1.34995752517136e-05,1.46758648779559e-06
6.91805898413285e-05,-1.73940597490054e-05
0.000149442826839234,2.19134515799513e-05
0.000223610058906509,0.000117837337856538
0.000277300752839411,0.000208675230426959
0.00032258357579441,0.000296212472411798
0.000357609677135647,0.000364932483533899
0.000380753795766966,0.000401973360619539
0.000390699313566895,0.000398230212940035
0.000386435949247851,0.000351678707489869
0.000367690180347873,0.000267027940308913
0.000334885353765479,0.000155316173737358
0.000289157143444218,3.2551639944815e-05
0.00023245869401774,-8.26743882283021e-05
0.000167364057147031,-0.000173735431636731
9.69830801023453e-05,-0.000228049303037039
1.89520874626029e-05,-0.000222340426063902
-5.66699948263827e-05,-0.000201242733200859
-0.000126608180940513,-0.000221445357089385
-0.000188436177516358,-0.000281052239131246
-0.000240079024514553,-0.000346683390812514
-0.000279154044326745,-0.00040157927720043
-0.000303775940690129,-0.000429627305213096
-0.000312547489486659,-0.000421103786534475
-0.000307522084669042,-0.000385785031999249
-0.000291680641025363,-0.00032882621700354
-0.000265405845645306,-0.000256885211358221
-0.000229503019873947,-0.000179095446424452
-0.000185189158280786,-0.000106183883221382
-0.000134104384390743,-4.87348961927824e-05
-7.81852795832842e-05,-1.52686505850786e-05
-1.96078797841474e-05,-1.12972350921784e-05
7.37131027067215e-05,-7.72505649021707e-06
0.000161657467534449,4.80073503950058e-05
0.000238540105288829,0.000147150191366915
0.000299159787448453,0.00025468594248431
0.000346593665694351,0.000333029158679163
0.000348746673085582,0.000293208164840598
0.00030300586952901,0.000142610889667799
0.000214299729775482,-4.66585156589684e-05
0.000123953283873661,-0.000142125017311043
2.43738762715804e-05,-0.000183191360825517
-7.57393432212439e-05,-0.000204513689245679
-0.000168743704911263,-0.000256213751731384
-0.000248467712614006,-0.000358505291453927
-0.000309485029854878,-0.000454993080266906
-0.000347004839508682,-0.000504640986101361
-0.000357491995005648,-0.000482621371768751
-0.000344389975320603,-0.000406507130459575
-0.00031192159045063,-0.000292926721061979
-0.000261748235153772,-0.000163714198351276
-0.000196911043146856,-4.50004274798959e-05
-0.000167906222383212,-6.84774082239668e-06
-0.000137563402054545,2.4115887842911e-05
-0.000106218917550353,4.68716009747927e-05
-7.42232089585222e-05,6.07108953749424e-05
-4.19388305048989e-05,6.48981106460729e-05
-9.73018821296326e-06,6.12910902476072e-05
2.20765959531393e-05,5.48708395255504e-05
5.32056324879172e-05,5.27070131619011e-05
8.93603164084471e-05,6.1768714068084e-05
0.000123879299132004,8.08642868588927e-05
0.000156415470467619,0.000107858272089068
0.000186627645316377,0.000140299208510127
0.000265198916638082,0.000253183136787595
0.000305043079738354,0.000306399676312654
0.000299495075598537,0.000255490095428512
0.000247647693324862,0.00012103278996082
0.000148761537060873,-1.15868838658303e-05
2.23204940830514e-05,-9.31224971758725e-05
-0.000111933151423011,-0.0001586060355852
-0.000235306043114835,-0.000273443667087383
-0.000317942574377789,-0.000417132871731892
-0.000374128630183357,-0.000515542245527755
-0.000397441056797938,-0.000518482127646793
-0.000384172407708161,-0.000412701923063414
-0.00035396281409955,-0.000290480534946132
-0.000307976749921583,-0.000150107291101277
-0.000248513598102194,-1.40983895891414e-05
-0.000178846096616713,9.59006887035994e-05
-0.000103097401738952,0.000159003253492198
-2.58254055981784e-05,0.000179600088412562
4.88132914285333e-05,0.000181814731939109
0.000117326432520097,0.000199370416679465
0.000169926496403622,0.000241736236201619
0.000214287479161156,0.000291682619277064
0.000248956779032248,0.000336487397420246
0.000272672039947596,0.00036523410774767
0.000285239417240327,0.000356150041627973
0.000261755990389126,0.000277909042655338
0.000204022107215636,0.000160693024775915
0.00011841492474716,5.89613645260426e-05
4.74336158903762e-05,4.27726516223153e-05
-2.74594339576987e-05,4.71482348123528e-05
-0.000102362138683986,2.67316462240081e-05
-0.000174012255815939,-3.43431416036071e-05
-0.00023956038309828,-0.000126320659073441
-0.000296029180935198,-0.000227561185904426
-0.000340659138049573,-0.000315677642925227
-0.000370977082465381,-0.00037053775056762
-0.000375423677851256,-0.00037629574992406
-0.00037908887107125,-0.000379675594100603
-0.000381957286696321,-0.000380607441407227
-0.000384015247854245,-0.000379044706727023
