0
0.028044294344029
0.0560885886880579
0.0841328830320869
0.112177177376116
0.140221471720145
0.168265766064174
0.196310060408203
0.224354354752232
0.248830753300303
0.273307151848374
0.297783550396445
0.322259948944516
0.340027247666812
0.357794546389107
0.375561845111403
0.393329143833699
0.411096442555995
0.42886374127829
0.446631040000586
0.464398338722882
0.488418796336192
0.512439253949502
0.536459711562812
0.560480169176122
0.585101939984854
0.609723710793586
0.634345481602318
0.658967252411049
0.681205845843288
0.703444439275527
0.725683032707767
0.747921626140006
0.76354231847729
0.779163010814574
0.794783703151858
0.810404395489142
0.826025087826426
0.84164578016371
0.857266472500994
0.872887164838278
0.889794203229502
0.906701241620727
0.923608280011951
0.940515318403176
0.964854508739705
0.989193699076234
1.01353288941276
1.03787207974929
1.06093191099026
1.08399174223123
1.10705157347219
1.13011140471316
1.14910774986905
1.16810409502494
1.18710044018083
1.20609678533672
1.22452639428594
1.24295600323515
1.26138561218436
1.27981522113357
1.29824483008279
1.316674439032
1.33510404798121
1.35353365693042
1.37132953981028
1.38912542269013
1.40692130556999
1.42471718844985
1.43414322021476
1.44356925197968
1.4529952837446
1.46242131550952
1.47184734727443
1.48127337903935
1.49069941080427
1.50012544256918
1.51281020846686
1.52549497436454
1.53817974026222
1.5508645061599
1.57813086574459
1.60539722532929
1.63266358491399
1.65992994449868
1.68512743177118
1.71032491904367
1.73552240631617
1.76071989358866
1.77500119727464
1.78928250096061
1.80356380464658
1.81784510833255
1.83212641201853
1.8464077157045
1.86068901939047
1.87497032307645
1.89059676624398
1.90622320941151
1.92184965257904
1.93747609574657
1.96119774802441
1.98491940030225
2.00864105258009
2.03236270485793
2.05506250938876
2.0777623139196
2.10046211845044
2.12316192298127
2.13793320837158
2.15270449376188
2.16747577915219
2.18224706454249
2.1970183499328
2.2117896353231
2.22656092071341
2.24133220610371
2.25621822015926
2.27110423421481
2.28599024827036
2.30087626232591
2.32430977792398
2.34774329352204
2.37117680912011
2.39461032471818
2.4087080490055
2.42280577329282
2.43690349758014
2.45100122186746
2.46509894615478
2.4791966704421
2.49329439472942
2.50739211901674
2.5253891124357
2.54338610585465
2.5613830992736
2.57938009269256
2.59737708611151
2.61537407953047
2.63337107294942
2.65136806636837
2.67628877064627
2.70120947492418
2.72613017920208
2.75105088347998
2.77806954433774
2.80508820519551
2.83210686605327
2.85912552691104
2.86842512985775
2.87772473280447
2.88702433575119
2.8963239386979
2.90562354164462
2.91492314459133
2.92422274753805
2.93352235048476
2.94388118157942
2.95424001267409
2.96459884376875
2.97495767486341
2.9936313616375
3.01230504841159
3.03097873518569
3.04965242195978
3.06832610873387
3.08699979550796
3.10567348228205
3.12434716905615
3.13942075663909
3.15449434422204
3.16956793180498
3.18464151938792
3.20773806481351
3.2308346102391
3.25393115566469
3.27702770109028
3.30012424651587
3.32322079194146
3.34631733736705
3.36941388279263
3.3896224101674
3.40983093754217
3.43003946491693
3.4502479922917
3.46763338862712
3.48501878496254
3.50240418129795
3.51978957763337
3.53717497396879
3.55456037030421
3.57194576663962
3.58933116297504
3.6072608743804
3.62519058578576
3.64312029719111
3.66105000859647
3.68487339912703
3.70869678965758
3.73252018018814
3.75634357071869
3.78354291399124
3.81074225726378
3.83794160053632
3.86514094380887
3.88170220895585
3.89826347410284
3.91482473924982
3.93138600439681
3.9479472695438
3.96450853469078
3.98106979983777
3.99763106498475
4.00976407660055
4.02189708821634
4.03403009983213
4.04616311144793
4.05829612306372
4.07042913467951
4.08256214629531
4.0946951579111
4.10924803168589
4.12380090546067
4.13835377923546
4.15290665301024
4.18009485617243
4.20728305933463
4.23447126249682
4.26165946565901
4.27760255657315
4.29354564748728
4.30948873840141
4.32543182931554
4.34137492022968
4.35731801114381
4.37326110205794
4.38920419297207
4.40464369723349
4.42008320149491
4.43552270575633
4.45096221001774
4.47465403031115
4.49834585060455
4.52203767089796
4.54572949119136
4.57195578765272
4.59818208411409
4.62440838057545
4.65063467703682
4.66659738911086
4.6825601011849
4.69852281325895
4.71448552533299
4.73044823740703
4.74641094948107
4.76237366155512
4.77833637362916
4.79606780571616
4.81379923780316
4.83153066989016
4.84926210197716
4.87241170861471
4.89556131525226
4.91871092188981
4.94186052852736
4.97060938008289
4.99935823163842
5.02810708319395
5.05685593474948
5.08362043173276
5.11038492871602
5.1371494256993
5.16391392268257
5.18951003514712
5.21510614761168
5.24070226007623
5.26629837254079
5.29211165442299
5.31792493630519
5.34373821818738
5.36955150006958
5.39451596765203
5.41948043523448
5.44444490281693
5.46940937039937
5.48965126665161
5.50989316290386
5.5301350591561
5.55037695540834
5.57061885166058
5.59086074791282
5.61110264416506
5.6313445404173
5.64384283211178
5.65634112380627
5.66883941550075
5.68133770719523
5.69383599888972
5.7063342905842
5.71883258227868
5.73133087397317
5.74217911068433
5.75302734739549
5.76387558410665
5.7747238208178
5.79701067412445
5.81929752743109
5.84158438073773
5.86387123404438
5.88615808735102
5.90844494065766
5.93073179396431
5.95301864727095
5.97874924079357
6.00447983431619
6.03021042783881
6.05594102136143
6.07200380435641
6.08806658735139
6.10412937034638
6.12019215334136
6.13625493633634
6.15231771933133
6.16838050232631
6.1844432853213
6.20167269808793
6.21890211085456
6.2361315236212
6.25336093638783
6.27684435725986
6.30032777813189
6.32381119900391
6.34729461987594
6.36765759631268
6.38802057274942
6.40838354918615
6.42874652562289
6.44031021916651
6.45187391271012
6.46343760625373
6.47500129979735
6.48656499334096
6.49812868688458
6.50969238042819
6.52125607397181
6.53737040118974
6.55348472840768
6.56959905562561
6.58571338284355
6.6052203698406
6.62472735683766
6.64423434383471
6.66374133083177
6.68324831782882
6.70275530482588
6.72226229182293
6.74176927881999
6.75959150891797
6.77741373901596
6.79523596911395
6.81305819921193
6.82536894149233
6.83767968377272
6.84999042605311
6.86230116833351
6.8720969689363
6.8818927695391
6.89168857014189
6.90148437074469
6.91128017134748
6.92107597195028
6.93087177255307
6.94066757315587
6.95577289956189
6.97087822596792
6.98598355237395
7.00108887877997
7.01361816114224
7.02614744350452
7.03867672586679
7.05120600822906
7.06373529059134
7.07626457295361
7.08879385531588
7.10132313767815
7.12516230610724
7.14900147453632
7.17284064296541
7.1966798113945
7.21140340616806
7.22612700094162
7.24085059571518
7.25557419048874
7.27029778526231
7.28502138003587
7.29974497480943
7.31446856958299
7.32775159632883
7.34103462307468
7.35431764982052
7.36760067656636
7.38848007551549
7.40935947446462
7.43023887341375
7.45111827236289
7.4655007892953
7.47988330622772
7.49426582316013
7.50864834009255
7.52303085702497
7.53741337395738
7.5517958908898
7.56617840782221
7.58281792567634
7.59945744353046
7.61609696138459
7.63273647923872
7.65610906786641
7.6794816564941
7.70285424512179
7.72622683374948
7.74626733250144
7.7663078312534
7.78634833000536
7.80638882875732
7.82007415734555
7.83375948593377
7.847444814522
7.86113014311023
7.87481547169845
7.88850080028668
7.90218612887491
7.91587145746314
7.93461831922691
7.95336518099069
7.97211204275447
7.99085890451825
8.00960576628203
8.0283526280458
8.04709948980958
8.06584635157336
8.08964136619795
8.11343638082255
8.13723139544715
8.16102641007174
8.18530063150711
8.20957485294248
8.23384907437784
8.25812329581321
8.27481112076998
8.29149894572674
8.30818677068351
8.32487459564028
8.34156242059704
8.35825024555381
8.37493807051058
8.39162589546734
8.4105760930136
8.42952629055985
8.44847648810611
8.46742668565236
8.48637688319862
8.50532708074487
8.52427727829112
8.54322747583738
8.56394765386275
8.58466783188812
8.6053880099135
8.62610818793887
8.63918012390026
8.65225205986166
8.66532399582306
8.67839593178445
8.69146786774585
8.70453980370724
8.71761173966864
8.73068367563003
8.74235889102484
8.75403410641965
8.76570932181446
8.77738453720926
8.80991469439875
8.84244485158825
8.87497500877774
8.90750516596723
8.93509620921731
8.96268725246739
8.99027829571747
9.01786933896754
9.02713401646455
9.03639869396155
9.04566337145855
9.05492804895555
9.06419272645255
9.07345740394955
9.08272208144655
9.09198675894355
9.11651254945746
9.14103833997136
9.16556413048526
9.19008992099917
9.20892309426375
9.22775626752834
9.24658944079293
9.26542261405752
9.27972690488168
9.29403119570585
9.30833548653002
9.32263977735419
9.33694406817836
9.35124835900253
9.36555264982669
9.37985694065086
9.39969575204556
9.41953456344027
9.43937337483497
9.45921218622967
9.48348298166658
9.50775377710348
9.53202457254038
9.55629536797728
9.58289154035316
9.60948771272903
9.63608388510491
9.66268005748078
9.68207707843801
9.70147409939524
9.72087112035247
9.74026814130969
9.75966516226692
9.77906218322415
9.79845920418138
9.81785622513861
9.83874773573592
9.85963924633323
9.88053075693055
9.90142226752786
9.92363184184861
9.94584141616936
9.96805099049011
9.99026056481086
10.0093089650824
10.0283573653539
10.0474057656254
10.066454165897
10.0855025661685
10.10455096644
10.1235993667116
10.1426477669831
10.1673640920179
10.1920804170528
10.2167967420876
10.2415130671225
10.2664664689382
10.291419870754
10.3163732725697
10.3413266743855
10.3662800762012
10.391233478017
10.4161868798328
10.4411402816485
10.4587050714925
10.4762698613365
10.4938346511806
10.5113994410246
10.5289642308686
10.5465290207126
10.5640938105566
10.5816586004006
10.5981555723048
10.6146525442091
10.6311495161133
10.6476464880175
10.6706219419826
10.6935973959477
10.7165728499128
10.7395483038779
10.768555368021
10.797562432164
10.8265694963071
10.8555765604501
10.8822451248173
10.9089136891845
10.9355822535517
10.9622508179189
10.9851398802227
11.0080289425264
11.0309180048302
11.0538070671339
11.0712534933921
11.0886999196503
11.1061463459085
11.1235927721667
11.1410391984249
11.1584856246831
11.1759320509412
11.1933784771994
11.2139303961089
11.2344823150183
11.2550342339277
11.2755861528372
11.2961380717466
11.316689990656
11.3372419095655
11.3577938284749
11.3838190135833
11.4098441986916
11.4358693837999
11.4618945689083
11.4792461438336
11.4965977187589
11.5139492936842
11.5313008686095
11.5486524435349
11.5660040184602
11.5833555933855
11.6007071683108
11.6238957413843
11.6470843144579
11.6702728875314
11.693461460605
11.7166500336785
11.739838606752
11.7630271798256
11.7862157528991
11.8076005151024
11.8289852773058
11.8503700395091
11.8717548017125
11.8870913080014
11.9024278142904
11.9177643205794
11.9331008268683
11.9484373331573
11.9637738394463
11.9791103457352
11.9944468520242
12.0066701024238
12.0188933528234
12.0311166032229
12.0433398536225
12.0555631040221
12.0677863544217
12.0800096048212
12.0922328552208
12.1053440395807
12.1184552239407
12.1315664083006
12.1446775926605
12.1709454816755
12.1972133706906
12.2234812597056
12.2497491487207
12.2652336200457
12.2807180913708
12.2962025626959
12.311687034021
12.3271715053461
12.3426559766711
12.3581404479962
12.3736249193213
12.3889522894364
12.4042796595514
12.4196070296665
12.4349343997816
12.4582117794053
12.4814891590291
12.5047665386528
12.5280439182765
12.5488298645599
12.5696158108432
12.5904017571265
12.6111877034099
12.6237018287653
12.6362159541207
12.6487300794761
12.6612442048316
12.673758330187
12.6862724555424
12.6987865808978
12.7113007062532
12.7348816651514
12.7584626240496
12.7820435829478
12.805624541846
12.8232458802134
12.8408672185809
12.8584885569483
12.8761098953158
12.8937312336832
12.9113525720507
12.9289739104181
12.9465952487856
12.9626395981342
12.9786839474829
12.9947282968315
13.0107726461802
13.0250854186319
13.0393981910836
13.0537109635353
13.068023735987
13.0823365084387
13.0966492808904
13.1109620533422
13.1252748257939
13.1403876298092
13.1555004338245
13.1706132378398
13.1857260418551
13.2002352887234
13.2147445355916
13.2292537824598
13.243763029328
13.2582722761962
13.2727815230644
13.2872907699326
13.3018000168009
13.3198315596403
13.3378631024797
13.3558946453192
13.3739261881586
13.391957730998
13.4099892738375
13.4280208166769
13.4460523595164
13.4691780790488
13.4923037985812
13.5154295181136
13.538555237646
13.5661248707389
13.5936945038318
13.6212641369247
13.6488337700177
13.6653194137884
13.6818050575591
13.6982907013298
13.7147763451005
13.7312619888713
13.747747632642
13.7642332764127
13.7807189201834
13.7976855629587
13.8146522057339
13.8316188485092
13.8485854912844
13.871927073124
13.8952686549636
13.9186102368032
13.9419518186428
13.96117419693
13.9803965752172
13.9996189535044
14.0188413317917
14.0418483521049
14.0648553724182
14.0878623927315
14.1108694130448
14.1290009217841
14.1471324305235
14.1652639392628
14.1833954480022
14.2015269567415
14.2196584654809
14.2377899742202
14.2559214829596
14.2793686012919
14.3028157196242
14.3262628379565
14.3497099562888
14.3685710302484
14.387432104208
14.4062931781675
14.4251542521271
14.4370096964361
14.4488651407452
14.4607205850542
14.4725760293633
14.4844314736723
14.4962869179814
14.5081423622904
14.5199978065995
14.530908865086
14.5418199235726
14.5527309820591
14.5636420405457
14.5857638511501
14.6078856617546
14.6300074723591
14.6521292829636
14.6742510935681
14.6963729041726
14.718494714777
14.7406165253815
14.7614491289342
14.7822817324869
14.8031143360396
14.8239469395922
14.8401719920277
14.8563970444632
14.8726220968987
14.8888471493342
14.9050722017697
14.9212972542052
14.9375223066407
14.9537473590762
14.9723521644102
14.9909569697442
15.0095617750782
15.0281665804122
15.0513186793755
15.0744707783388
15.0976228773021
15.1207749762654
15.1436935052053
15.1666120341452
15.1895305630852
15.2124490920251
15.2222435239089
15.2320379557926
15.2418323876764
15.2516268195601
15.2614212514439
15.2712156833276
15.2810101152113
15.2908045470951
15.3010155194481
15.311226491801
15.321437464154
15.331648436507
15.3573232160513
15.3829979955956
15.4086727751399
15.4343475546842
15.4512823730211
15.4682171913581
15.4851520096951
15.5020868280321
15.5190216463691
15.5359564647061
15.5528912830431
15.5698261013801
15.5853581340319
15.6008901666837
15.6164221993354
15.6319542319872
15.6552106002113
15.6784669684354
15.7017233366594
15.7249797048835
15.745723516365
15.7664673278466
15.7872111393281
15.8079549508096
15.8220583124471
15.8361616740846
15.8502650357221
15.8643683973597
15.8784717589972
15.8925751206347
15.9066784822722
15.9207818439097
15.9405863829323
15.9603909219549
15.9801954609774
16
