0
1.42857142857143
2.85714285714286
4.28571428571429
5.71428571428572
7.14285714285714
8.57142857142857
10
11.4285714285714
12.8571428571429
14.2857142857143
15.7142857142857
17.1428571428571
18.5714285714286
20
21.4285714285714
22.8571428571429
24.2857142857143
25.7142857142857
27.1428571428571
28.5714285714286
30
31.4285714285714
32.8571428571429
34.2857142857143
35.7142857142857
37.1428571428572
38.5714285714286
40
41.4285714285714
42.8571428571429
44.2857142857143
45.7142857142857
47.1428571428572
48.5714285714286
50
51.4285714285714
52.8571428571429
54.2857142857143
55.7142857142857
57.1428571428571
