0,0
2.30594386825778e-05,-1.04658665906806e-05
8.7305855181627e-05,7.98170507816257e-07
0.000182007569037771,8.11753375623417e-05
0.00029198779160983,0.000255903222121137
0.000399518812645935,0.000509782689468609
0.000486285936302785,0.000730045734944558
0.000537010298322331,0.000813528461690927
0.000541896012988704,0.000703148372249101
0.000506035916696397,0.000453105031094843
0.000438090107116728,0.000140363792659183
0.000348196351580845,-0.000155801408698182
0.000250311792381391,-0.000375241039677665
0.000183515868659222,-0.000468547459923087
0.000126498755662078,-0.000516615608897214
8.36277200295196e-05,-0.00053345210402142
5.78873800375922e-05,-0.000534004096346263
5.07777987484409e-05,-0.0005308080863794
6.20844357434353e-05,-0.000524572955185672
9.03331319386121e-05,-0.000509531802682272
0.000132916547095058,-0.000475013699198351
0.000206947021335141,-0.000375624423581265
0.000290149886014691,-0.000210001240606445
0.00037133478250378,-4.48291064950414e-07
0.000439358205144251,0.000200885031744346
0.000484623233131659,0.000326119710592948
0.000496576667979223,0.000318072604427905
0.000471309602256394,0.000170104928245707
0.000410643263216775,-7.25487129426617e-05
0.000331549572230124,-0.000304617153953334
0.000239536626243586,-0.000490901292094856
0.000145785661868744,-0.000600606617952115
6.16044777638852e-05,-0.000635339478451277
1.39074056976639e-05,-0.000628710573481405
-2.14920853133536e-05,-0.00061570996091133
-4.30419717265303e-05,-0.000608659293991429
-5.01073779089497e-05,-0.000606009685864254
-4.28435039426647e-05,-0.000599591820796359
-2.23172987445593e-05,-0.000599369826842785
9.59950517602835e-06,-0.000608079188819968
5.04336766994693e-05,-0.000611771539640384
0.000101373530708274,-0.000589467345152724
0.000155615338380941,-0.000536962846194026
0.000209206283003518,-0.00045707599937038
0.000258208184551855,-0.000360627613640193
0.000313254655617574,-0.000226877208846019
0.000341086375149604,-0.000151672700116407
0.000335332589047048,-0.000166079304804867
0.00029432390520418,-0.000261266126468554
0.000225632354489968,-0.000396188076090829
0.000136750134187241,-0.000484086259840778
3.91353177817979e-05,-0.000480360029835802
-5.49908466254516e-05,-0.000449829184005696
-0.000121973790915449,-0.000471096349493487
-0.000174625610402975,-0.000507108591393025
-0.000209210167065269,-0.000533609061350925
-0.000223244975810282,-0.000533007154478486
-0.00021622247108408,-0.000498940105806827
-0.000189777390931128,-0.000442199812499479
-0.000146532605101278,-0.000379992953983956
-9.07672096024729e-05,-0.00033275720008262
-2.82872118046899e-05,-0.000330099018184823
3.46092797318636e-05,-0.00034143072759047
9.2280938706554e-05,-0.0003279931429963
0.000139910560400384,-0.00028925524471563
0.000172527653732124,-0.000250067134896265
0.000188846513479261,-0.000224867211010413
0.000186963466093263,-0.000222907332849464
0.000166333939209537,-0.000243300441627085
0.000148056885081373,-0.000259799307434312
0.00012508540996228,-0.000276912374806992
9.78733789674783e-05,-0.000291696090082768
6.69919943025773e-05,-0.000301159523527404
3.3127983338312e-05,-0.000301044905818848
-2.95576452787284e-06,-0.000294710921336219
-4.05123744376196e-05,-0.000290014912269352
-7.88304024727246e-05,-0.000294093052043046
-0.000130415206842945,-0.000319243366920423
-0.000180531447750952,-0.00036347978538287
-0.000227581690456339,-0.000421340139670725
-0.000270033680663071,-0.000485107446572001
-0.000339395427764021,-0.000600148842322665
-0.000369426620143686,-0.000618712246691075
-0.000354789413590124,-0.000512113276688439
-0.000298148253509777,-0.000319832447929829
-0.00021742377875921,-0.000140844620918762
-0.000124897038861843,-2.92663757472858e-05
-3.6768824641358e-05,-5.08864768632936e-06
3.21230975398546e-05,-2.16734766777073e-05
5.79250971041208e-05,-2.08532867886335e-05
7.25868032756734e-05,-1.78622067787062e-05
7.53652551810097e-05,-1.72114230822173e-05
6.60762751767374e-05,-1.96900959130385e-05
4.51083004078705e-05,-2.28861376961817e-05
1.35936263501995e-05,-2.02280566414805e-05
-2.68559287550858e-05,-1.29350100157036e-05
-7.42803853790155e-05,-1.48403191402592e-05
-0.000131608115910276,-4.55089172371964e-05
-0.000191770376521144,-0.00010747364830948
-0.000251714978989191,-0.000197412539197203
-0.000308373452977887,-0.000305203931795107
-0.000381545940538564,-0.000468070896965724
-0.000430628480998591,-0.000568910842241104
-0.000448686060015964,-0.000562350719581696
-0.000432578720657144,-0.000440120275948087
-0.000386087041343029,-0.000241961303092529
-0.000315355282735929,-2.60420351537966e-05
-0.000229659318060596,0.000153804015104818
-0.000140571359565586,0.000264797182110563
-8.68683829487219e-05,0.000296515994901937
-4.01699135310854e-05,0.000303148099325867
-3.01248103304929e-06,0.000294177053653996
2.2740114254638e-05,0.000284225325873668
3.59657095389037e-05,0.000281853997731572
3.62527863637763e-05,0.000280510248405518
2.38312822304605e-05,0.000279944395939087
-3.71233074387143e-07,0.000285166120539558
-3.50693547937944e-05,0.000292261183265563
-7.80775724998169e-05,0.000284404008680464
-0.000127114640396747,0.000254193618046288
-0.000179672348685909,0.00019789993543997
-0.00026320477938188,5.86077722643901e-05
-0.000338172295341594,-0.000106011682842705
-0.000394764905809143,-0.000245251140204843
-0.000424944959908248,-0.000308667410256049
-0.000427852172363857,-0.000293273662346763
-0.000418589107830808,-0.00023821965857521
-0.000397272277115182,-0.000149504736457184
-0.000364677971063174,-3.78015168609818e-05
-0.000322222693311872,8.28357636771305e-05
-0.000271980525379181,0.000197624352426299
-0.000216456133022004,0.000294267717608043
-0.000158483746076445,0.000364434428638649
-8.57585139915822e-05,0.000407228483967806
-2.00855330536588e-05,0.00041453880679193
3.35264400214778e-05,0.000409741992094512
7.1362942905541e-05,0.000407949897523218
9.10623090555339e-05,0.000408854965892771
9.15825043781114e-05,0.000402592869574762
7.33392681815174e-05,0.000390291401427717
3.83217160025064e-05,0.000381811212813408
-3.11663401288763e-05,0.000389433460470168
-0.000113920066525849,0.000363776986011807
-0.000197441800610481,0.000271642812386352
-0.000269429779074136,0.000138702796096661
-0.000321241475909712,2.25016027059173e-05
-0.000334540793082558,-2.38436469965499e-06
-0.000304324827031466,8.02145297820587e-05
-0.000233578707937446,0.000224663213380296
-0.000201618315040365,0.000272397050425886
-0.000166800746886338,0.000313710228913624
-0.000129879645626137,0.000345799082565278
-9.1668177340764e-05,0.000366665398901148
-5.30247595545538e-05,0.000374891771999856
-1.48175017328445e-05,0.00037237372820086
2.21484376276672e-05,0.000365035721391853
5.71574846215927e-05,0.000361934442296853
9.31089139821168e-05,0.000369980994472576
0.000125130089651862,0.000385105984029718
0.000152533075433886,0.000403245872512212
0.000174715099759913,0.000420387881499325
0.000199988928868503,0.000437454149564245
0.000204816113903914,0.000426987960827325
0.000188959506897407,0.000388735117261741
0.000154024509235807,0.000334977294537543
0.000103375173086506,0.00028540998636249
4.236807694406e-05,0.00026307257701197
-2.29728955566062e-05,0.00026804269924155
-8.65601531263374e-05,0.000264902273755353
-0.000132755714720601,0.000233292967830153
-0.000171690502030109,0.000191457215365218
-0.000201098648760675,0.000150733333883489
-0.000219118446979535,0.000121599098230314
-0.000221667775102376,0.00011731951372374
-0.000192652226926162,0.000156885563473163
-0.000134641890636545,0.000215046357386903
-5.46010241593159e-05,0.000251033496048126
3.67833640514469e-05,0.000247507953206265
0.00012820882708545,0.000269818227432555
0.000209537989884808,0.000344187136592187
0.000272027701201407,0.000436301581274631
0.000305506169565089,0.000480513210597344
0.000315532134172927,0.000470864386482613
0.000300957054211058,0.000404307390774358
0.00026316363802801,0.000297856180354904
0.000214981932059798,0.000198850585960393
0.000156571388764103,0.000116345944139968
9.28255999597327e-05,6.61378308925293e-05
2.91342803460835e-05,5.42450021536545e-05
-2.90471891435289e-05,6.06953870806219e-05
-7.73284085349919e-05,5.79097370387786e-05
-0.000112248527247852,4.34265223848999e-05
-0.000131284674489102,2.84683416845554e-05
-0.000132613989155804,2.8240921943512e-05
-0.000114948154195278,4.12702596914145e-05
-7.94583790870959e-05,5.84171710529086e-05
-2.89208186344123e-05,6.40748703401814e-05
5.42848330599187e-05,5.98900774023276e-05
0.000145640729471106,0.000102456389210415
0.000234235098333201,0.000208797567902207
0.000309592654580879,0.000345099001862598
0.000367335228982483,0.000454790380136848
0.00038448193259468,0.000451002346870745
0.000356962888695776,0.000320566335854562
0.000288971690730078,0.000117120609637699
0.000232705499066684,-4.99212403635489e-07
0.000170157243400808,-9.16253849035477e-05
0.000105955937348404,-0.000146015680956019
4.4846886463268e-05,-0.000163052844893856
-8.59716249101889e-06,-0.000155406292223657
-5.08006242031837e-05,-0.000146892318966304
-7.9160224394031e-05,-0.000148069912255584
-9.20506995170597e-05,-0.000152480984025873
-9.12278105750348e-05,-0.000150172993383351
-8.1727209527265e-05,-0.000144657561638363
-6.39319105287665e-05,-0.000138371061064732
-3.85613937757324e-05,-0.000135292373213563
-6.68998636081163e-06,-0.000144499361441613
3.03666719346046e-05,-0.000155657877467482
7.12690420794306e-05,-0.000152901755271654
0.000114669931348053,-0.000131186279406151
0.000168064148804949,-8.20877139936339e-05
0.00022051345990806,-1.06592597985357e-05
0.000269535288394492,7.51364910453062e-05
0.000312745831843776,0.000163699147498193
0.000370614327025005,0.000289872875336997
0.000389032530389565,0.000304205892611311
0.000362944970392477,0.000188596565602129
0.000295487312886649,-7.28554269870102e-06
0.000240922310518818,-0.000120516414295583
0.000179582747533163,-0.000211218978852176
0.000115534164753504,-0.000268397199099374
5.30436184302408e-05,-0.000289346897459117
-3.6406983060657e-06,-0.000281102120899027
-5.10624264468494e-05,-0.000270114470128954
-8.66095269435576e-05,-0.000272177620346381
-0.000108494497532684,-0.000280622083273987
-0.000115653555300106,-0.000279915651414178
-0.000108656642351771,-0.000270548198268797
-8.80508825226938e-05,-0.00025600731032877
-5.52570121379817e-05,-0.000244221972465937
1.33110823690856e-05,-0.000255042630944763
9.44516102112e-05,-0.000247499823546038
0.000177343194048225,-0.000176363960972671
0.000251417741574839,-5.69523216237268e-05
0.00031121471227269,6.55070658704517e-05
0.000336601251338147,0.000112792290993949
0.000321492015895438,5.60477583125063e-05
0.000266539690552826,-7.7862582395681e-05
0.000216550072210695,-0.000167245264193035
0.000157735360993146,-0.000240748149377343
9.38884519853468e-05,-0.000285084538581403
2.9209148974876e-05,-0.000294303341102572
-3.19998048167183e-05,-0.000286421572311884
-8.62261703139936e-05,-0.000289974688375078
-0.000130586903102099,-0.000309043944819595
-0.000162780538340025,-0.000332714568559037
-0.000182189603363043,-0.000344162819033798
-0.000183044587022048,-0.000333292490266669
-0.000165358711722309,-0.000301491698460494
-0.000130657191635522,-0.000259856684100943
-6.49770151049135e-05,-0.000232650972276428
1.41143469202015e-05,-0.000223657606053026
9.57348016531976e-05,-0.000197349961965531
0.000169369075113335,-0.000136702579358281
0.000235648039408665,-3.87347245581703e-05
0.000260427877801698,1.74438366060627e-06
0.000236676060160421,-4.81151263035034e-05
0.000167111638293713,-0.000149885532884065
7.24282084385033e-05,-0.000188920981104295
-3.31766445175681e-05,-0.00019910989593596
-0.000132546408661762,-0.000243091736630168
-0.000210641572200923,-0.000319279306582113
-0.000254105654537909,-0.000369765316344172
-0.000260022638960509,-0.00035430090225174
-0.000227231277779892,-0.000272066380714938
-0.000161073072986428,-0.000165394556996372
-7.24915454033001e-05,-0.000119153051942376
2.13040366712737e-05,-0.000108282873251351
0.000104638611708226,-7.90019096486472e-05
0.000164397413423549,-2.92654342511243e-05
0.000190317473877085,-7.7934801013055e-07
0.000179904932215874,-1.57190382211251e-05
0.00013372668809844,-6.31250768676993e-05
5.83122234132967e-05,-0.000101199855263147
-1.60928041626252e-05,-9.24901880217495e-05
-9.42898229995369e-05,-9.60592609293309e-05
-0.000169288974808369,-0.000148084318891519
-0.000234706568937542,-0.000235418501827546
-0.000284765611555346,-0.000316339256009257
-0.000314408151683215,-0.000359877515410551
-0.000320439931164576,-0.000346608509420621
-0.000301875015159106,-0.000276554049637559
-0.000278626343443142,-0.000212565007822297
-0.000247384399863485,-0.000141928247957186
-0.000209395056485674,-7.29601174069566e-05
-0.000166231045303739,-1.35230665706195e-05
-0.000119725983754146,2.95988010010543e-05
-7.19409545021892e-05,5.18600656070117e-05
-2.49409720746706e-05,5.46076447965563e-05
1.93343626774034e-05,4.65363487182497e-05
5.4205478281625e-05,4.47456017706219e-05
8.48092171903103e-05,5.18302164493436e-05
0.000110351533709989,6.37261811738416e-05
0.000130144599013665,7.64006492281138e-05
0.000150557504128856,8.99573373052251e-05
0.000141755097784489,7.81386459529086e-05
0.000104531874721928,4.88107435781335e-05
4.34593647407222e-05,2.89348401050751e-05
-3.3424589578594e-05,3.56410585340604e-05
-0.000116661862308478,1.45258067599765e-05
-0.000197119750766084,-6.26709074245832e-05
-0.000266201590176371,-0.000173864957042129
-0.000321690536015553,-0.000276973592933853
-0.000341947204529225,-0.000297423430267454
-0.000322604955839725,-0.00021627375449885
-0.000265752353512278,-6.71966690264449e-05
-0.000214810371810154,2.82278921689114e-05
-0.000156022947311141,0.00010452549250338
-9.34041729909323e-05,0.000149820404070291
-3.12730486921582e-05,0.000160160528034362
2.60441195682942e-05,0.000152484224732207
7.50606263889551e-05,0.000152721561938037
0.000112996890315568,0.000165594149150643
0.000137751593381142,0.00018148149636767
0.00014802030350856,0.000185274924482517
0.000140664547622253,0.000173307297380156
0.000116206449063648,0.000150148403894336
7.65331625801981e-05,0.000127667243762697
4.09084942998464e-06,0.000140566196269345
-7.94659079443669e-05,0.000148526961255563
-0.000163329191775709,9.24093427628964e-05
-0.000237338547512434,-1.51082548617951e-05
-0.000286212894034342,-0.000104829996170982
-0.000315136125632061,-0.000158157975001346
-0.000320546676751827,-0.000154675454563524
-0.000301108267694699,-9.3288329139974e-05
-0.00027930597632595,-3.88962780532297e-05
-0.000250439062158784,2.22677379951253e-05
-0.000215415506309412,8.35472109473456e-05
-0.000175399092437273,0.000138371819205794
-0.000131774276544223,0.000180880914487922
-8.61040806326107e-05,0.000206586234290252
-4.00116401880279e-05,0.000213969827526548
4.88037474660264e-06,0.000205419279107528
6.26537160554453e-05,0.000200408946934873
0.000112003625664112,0.000217285799743269
0.000150264694285407,0.000242436724079351
0.000175284782347983,0.000262474435939736
0.000185713338286312,0.000264319102254012
0.000173522191043252,0.000239287648126946
0.000139854343553514,0.000197098386305544
8.808919493506e-05,0.000158246554857323
2.38388578765726e-05,0.000162471737158643
-4.59982150460728e-05,0.000176284490083099
-0.000114890732229604,0.000152782160415877
-0.000176913954714633,9.08793675840693e-05
-0.000222969365221844,2.53661452952427e-05
-0.000254947265467416,-2.76181839686888e-05
-0.000270018163780919,-5.13010060761369e-05
-0.000266505933543933,-3.78012410760499e-05
-0.00025296201425277,-7.49724422255103e-06
-0.000230684635667468,3.48282186427729e-05
-0.000200384352605504,8.28656836498035e-05
-0.000163134385776522,0.00012928161295882
-0.000129458644327325,0.000159919930159034
-9.31117619153506e-05,0.000181434335431354
-5.50105020037038e-05,0.00019145187352405
-1.61268987563877e-05,0.000188677890930063
2.255066878403e-05,0.000180102202884167
6.01737794241408e-05,0.000178528782344568
9.59822756939027e-05,0.000188054395555328
0.000129273857384471,0.000207257751237146
0.000174170580177311,0.00024608047517532
0.000209267825763721,0.000284507887505508
0.000232742967690637,0.00031070946715168
0.00024330083600256,0.00031629891872855
0.000241734271973365,0.000302294952899578
0.000230796475152324,0.000272971829001144
0.000210879893971921,0.000232362795691788
0.00018277072304882,0.00018656816506211
0.000147631680513079,0.000143053571109247
0.000106994433662101,0.000109205202055392
6.26346115483242e-05,9.07949230179456e-05
1.65154446196508e-05,9.12484979345265e-05
-6.91783977861874e-05,8.86942434324632e-05
-0.000142382737482623,4.94330572517113e-05
-0.000193459735047402,-3.80566328353027e-06
-0.000215318632688618,-3.42524078343406e-05
-0.000212259119767961,-2.61173048631951e-05
-0.000196310749708998,-3.12338486531223e-07
-0.000168115832309964,3.65577097360847e-05
-0.0001290681684633,7.43960059477931e-05
-8.12595778241924e-05,0.000101373225160209
-2.74777076116342e-05,0.00010896821117119
2.93021717875931e-05,0.000102816586253929
8.61393102160679e-05,0.000106406295579847
0.000135206017549084,0.000134846737842455
0.000180330196810271,0.000177886427856927
0.000219793849101302,0.000227452121268943
0.000252038512606307,0.000274380302409498
0.000284994722670453,0.000321147866506675
0.000293062683413349,0.000315590804776123
0.000274982067801124,0.000254817139050506
0.000232384131842502,0.000157946341490694
0.000191026608770437,8.86872107875756e-05
0.000142453569641939,3.12747228489672e-05
8.93910120910549e-05,-4.97142534784442e-06
3.48596419682326e-05,-1.51145278469166e-05
-1.79778787563511e-05,-6.92671491402999e-06
-6.63985340900826e-05,-4.69424022565786e-06
-0.000108106122553213,-1.89800359703626e-05
-0.000141185864754867,-4.36019806866599e-05
-0.000166636878532243,-6.67263404539653e-05
-0.000176550631327929,-7.47439332201867e-05
-0.000170057189239796,-6.34443693329556e-05
-0.000147397908836799,-3.67640530652034e-05
-9.10872913286808e-05,7.35849055041822e-08
-1.39752054778728e-05,2.01921825857891e-05
7.36842433879754e-05,3.66066443340456e-05
0.000160890027599624,8.61751158291774e-05
0.000227149276427979,0.000170905334870294
0.000279328603714781,0.000255423202575873
0.000312475115250051,0.000309241343241594
0.000323130701049662,0.000311124022403272
0.000316516552355351,0.000277792674659225
0.000298729988434528,0.00022112916972521
0.000270474744274613,0.000148881200054512
0.000233020258698031,7.12723744801516e-05
0.000188160289096399,-2.271330907377e-07
0.000138169565299422,-5.56752877129408e-05
8.55768740989252e-05,-8.84668498609456e-05
3.3062484201429e-05,-9.62407108751489e-05
-3.39490292441218e-05,-9.06158853189855e-05
-9.01974892407476e-05,-9.64212488024924e-05
-0.000131246810510897,-0.000116048098285834
-0.000153888174213165,-0.000134160030495774
-0.000156149849219216,-0.000130871526924244
-0.000137654134438421,-0.000109277357201866
-9.99262560863753e-05,-8.06994494223967e-05
-4.63881739431339e-05,-6.37712974582788e-05
3.62430573123579e-05,-6.86472654651799e-05
0.000124363944403468,-4.2419970921506e-05
0.000206830196555716,4.2969173270028e-05
0.000273428409377832,0.000155722405468251
0.000315743817032846,0.000231903971371349
0.00032517969746677,0.0002306262674332
0.000299268719706293,0.000146141131099515
0.000240834436412947,1.30674229848561e-05
0.00018577744149928,-7.31855735481999e-05
0.000123185925034367,-0.000135167263933007
5.76717066791697e-05,-0.000163939304443278
-5.98353467197096e-06,-0.000158940166665528
-6.32123223568344e-05,-0.00015462760216782
-0.000110524048816344,-0.000170939017520939
-0.00014511739382595,-0.000192949590254035
-0.000164847636414596,-0.000207247313834853
-0.000167528328682938,-0.000201993214857338
-0.000148997315315344,-0.000176089121169688
-0.000110896072338733,-0.00014160725187909
-5.68384725498616e-05,-0.000118161523053793
7.70533428415963e-06,-0.000127683800613524
7.65787885677266e-05,-0.000130774237915804
0.00014398935641204,-9.20104519847156e-05
0.000204584838899056,-1.7710055948767e-05
0.000257226685610195,6.78001506771382e-05
0.000289943375501939,0.00012525072475914
0.000298744111594032,0.000131252621966015
0.0002819385160391,8.1568037720325e-05
0.000258417887584432,2.78309781514196e-05
0.000225873292786829,-3.35577140187133e-05
0.000185620734352646,-9.34139755421618e-05
0.000139385161131958,-0.000142827830093145
8.92281049367598e-05,-0.000175238228499327
3.74856725418538e-05,-0.000184475614958761
-1.35333710365816e-05,-0.000175179061991387
-6.16999352969104e-05,-0.000168995966915187
-0.0001008224365041,-0.00018120104979211
-0.000135144355351061,-0.000201788719870871
-0.000163659125014797,-0.00022514700350944
-0.000185499539432897,-0.000245794426047705
-0.000204643445902231,-0.000217952097370829
-0.000162936812958418,-0.000182765113238893
-7.32750819317706e-05,-0.000233129720504548
3.93614288951898e-05,-0.000294114120250183
0.000129868773234148,-0.00025032362372676
0.000198443517141441,-0.000172034840756262
0.000231750461928849,-0.00011993745380164
0.00022195698662398,-0.000131646557335352
0.000208514329936166,-0.000151654163972117
0.000190222898881082,-0.000176201493234686
0.000167406676714565,-0.000202595458873041
0.000140506679603153,-0.000227832866261795
0.000110074486860303,-0.000248782853613668
7.67643673238045e-05,-0.000262554142447552
4.13051711973725e-05,-0.000266826736029523
4.48711544160442e-06,-0.000260022509910646
-9.40258699484234e-05,-0.000265273687346505
-0.000184209112043775,-0.000331021985117591
-0.000255118298423954,-0.000419713093674622
-0.00029782094977863,-0.000478032568554547
-0.000307382117743896,-0.000469403860302125
-0.000295578842446716,-0.00041324864653276
-0.000263359145608365,-0.00032175153917235
-0.000213664322419115,-0.000218081856830934
-0.000167136874428,-0.000149244533983908
-0.00011599089698016,-9.99147503714896e-05
-6.31822117952748e-05,-7.57834966987772e-05
-1.17661467183809e-05,-7.74087901557446e-05
3.53096984729604e-05,-8.4971117939117e-05
7.57140298387264e-05,-8.0372351755447e-05
0.000107517046616483,-6.64642271173876e-05
0.000129156545270872,-5.08469751299854e-05
0.000140244259661677,-4.21201400166593e-05
0.000128082734188277,-5.19768241446415e-05
9.34475644449369e-05,-7.26317749536406e-05
3.95202418194767e-05,-8.45847119649029e-05
-4.47482245334007e-05,-7.89793025054712e-05
-0.00013808070747435,-0.000114415914887528
-0.000228888941370858,-0.000217491016051506
-0.000306109788158426,-0.000354697562445958
-0.000363276039316968,-0.000461960672161582
-0.000381771159806035,-0.00046250964092164
-0.00035756162627551,-0.00034181357000408
-0.000294132812656164,-0.000147054036711255
-0.000229143564196891,-9.6349392282988e-06
-0.000155778505174794,9.14076732883998e-05
-8.14560037071179e-05,0.000141503804108947
-1.36524831974168e-05,0.0001437779027995
4.08456141124863e-05,0.000136690165259766
7.73728499213944e-05,0.000139262147764297
9.29284871335985e-05,0.00014139284981794
8.62954178022393e-05,0.000136530170464745
5.50888279576902e-05,0.000128046119593963
2.82474212231489e-06,0.000125836915013235
-6.47234339125346e-05,0.000119625696133395
-0.000140595900305619,8.05478739194908e-05
-0.000222004560144686,-2.19000509052902e-05
-0.000295422739305615,-0.000154625024128446
-0.000352578534732831,-0.000276544942692088
-0.000386576622725878,-0.000344311004947587
-0.000393383329327771,-0.000332038726488397
-0.00037812657526967,-0.000255390992269592
-0.000341562905725021,-0.000130113303603212
-0.000286603001933124,1.54680077796333e-05
-0.000218127712435993,0.000146184624095092
-0.000142810194120173,0.000236815456572899
-6.77891809819151e-05,0.00027650724521288
-1.02057938531231e-07,0.000270390531381367
6.69401892931672e-05,0.000264252967339291
0.000102632511015987,0.000271447582557599
0.000102722208745426,0.000263573388489797
6.79203218102715e-05,0.000244155808687773
3.63205116629982e-06,0.000259821368398448
-7.85161674301141e-05,0.000265035280122294
-0.000166209928631335,0.000200287014196413
-0.000247121964894866,7.5029447053535e-05
-0.000309372723692095,-5.28214792292622e-05
-0.000342383705805962,-0.000120601065710628
-0.000339667411094298,-9.34989546058456e-05
-0.00029993345152046,1.86442671816087e-05
-0.00025183393619398,0.000122382669713641
-0.00019100607411358,0.000217809368633124
-0.000122091026559443,0.000284103685718511
-5.05188627338586e-05,0.00030945321389014
1.78727639755744e-05,0.000302207962214298
7.81417974249884e-05,0.000298880676679125
0.000126336958089641,0.00031538040895515
0.000159476399449505,0.00033924441072757
0.000175000536374197,0.00034646094066304
0.000174389489726117,0.000335107383517076
0.000157766966679844,0.000306979821540417
0.000126393830898428,0.000271043110209485
6.28552700634708e-05,0.000246391279929689
-1.46491517684943e-05,0.000238400757569191
-9.55873744766277e-05,0.000212410870547709
-0.000169671230592108,0.000150934556168981
-0.00023907295914335,4.63730614513378e-05
-0.00026713348542664,-1.17167788874615e-06
-0.000245983493150083,4.6142229403706e-05
-0.000177738381781377,0.000152154311750279
-8.41375036074837e-05,0.000202276368365283
2.14109747556215e-05,0.000220451283568374
0.000121803444358326,0.000261297632643965
0.000201842695158275,0.000331210383787254
0.000244747027913826,0.000380780874518565
0.000258176378228807,0.000381175115058043
0.000240337885768012,0.000324481685378794
0.000193524056342525,0.000233033478023413
0.000142088369257982,0.00016220555691805
8.198731928288e-05,0.000125269520257328
1.84704891600961e-05,0.000134336835312183
-4.31687905745828e-05,0.00015261750648718
-9.81947603677134e-05,0.000136543000684814
-0.000142816960416454,0.000103816974082582
-0.000173727146356549,7.10714699547103e-05
-0.000188417003677483,5.25250010513025e-05
-0.00018285170651416,6.1192395893905e-05
-0.000152544827803535,9.44693760362953e-05
-0.000100112791695905,0.00013203236242833
-3.08764182557687e-05,0.000146358757041621
4.76587604774687e-05,0.000141280606881513
0.000127866049286863,0.000168531636116979
0.000202641653950491,0.000240667926148259
0.000265451203639158,0.00033507946226475
0.000318902020100926,0.00042157139153085
0.000334905657863066,0.000420495436654921
0.000310247905060324,0.000320131876134474
0.000248597333281601,0.000162311114644771
0.000191850843988335,6.43643174945995e-05
0.000128003379144781,-5.91715868856937e-06
6.23207585061322e-05,-3.86827959023706e-05
1.98920983933621e-07,-3.34480627016178e-05
-5.33178026662887e-05,-2.63639721660772e-05
-9.4534501089436e-05,-3.72211457396781e-05
-0.00012065810001698,-5.08798080766304e-05
-0.000129797291726558,-5.60146553448068e-05
-0.000113899302771102,-3.14697271220243e-05
-6.83949307736214e-05,-1.71366128798746e-05
3.77180259686247e-07,-3.85594169654721e-05
8.32996489373038e-05,-4.71538114987005e-05
0.000170014447020625,1.98883240471204e-05
0.00025055448672988,0.000133954248475708
0.000315364233811224,0.000255308303012789
0.000356300806662005,0.000335168137896897
0.000367522254971944,0.000333139590070366
0.000351118891451479,0.000256403130305921
0.000308209926407873,0.000125178558224455
0.00024327566374904,-2.17841669182464e-05
0.000187269973040987,-0.000110048401176777
0.00012735186367176,-0.000170831603258398
6.72829242439646e-05,-0.000198936237947133
1.08149438866655e-05,-0.00019643394356083
-3.8587390201348e-05,-0.000188282391697522
-7.83457839606027e-05,-0.000191670638582358
-0.000106474450694986,-0.000200686289123269
-0.000121559687866817,-0.000207039627560239
-0.000123680624391943,-0.000205092766566325
-0.000116925920685358,-0.000197034057474243
-0.000101570854360056,-0.000184906608284546
-7.82384826261281e-05,-0.000172607111132787
-4.7888254147445e-05,-0.000165633923510626
-1.18329631429173e-05,-0.000167217424989221
2.84673229665526e-05,-0.000173054198063123
7.14909938528174e-05,-0.000170589717411544
0.00011895373463529,-0.000146282124454389
0.000166004720986484,-0.000102374045726988
0.000210824214377855,-4.30714463460528e-05
0.000251644234340374,2.46527007082788e-05
0.000314988488393768,0.000150314971682028
0.000344179867627945,0.000201305020665989
0.000332835606621534,0.000145175657696808
0.000281263073429039,5.9024355532984e-06
0.000234670792130443,-8.74020728915967e-05
0.000179379600248777,-0.000168389206870718
0.000118784649379375,-0.000224007996946423
5.66836143965844e-05,-0.000247342947348413
-2.88909151023931e-06,-0.000238722363481713
-5.64286445740801e-05,-0.000227881540775482
-0.000101113526935271,-0.000235891862089708
-0.000134767107854731,-0.000256191094742548
-0.000155590249970127,-0.00026915882899072
-0.000162809000210648,-0.000269467384773801
-0.000156039996543272,-0.000255099424363539
-0.000135714663322939,-0.000229849653262462
-8.19352388227712e-05,-0.000196567949396304
-8.40283587763026e-06,-0.000179138825466956
7.46159875434878e-05,-0.000161495219920142
0.0001562424390353,-0.000111242121858983
0.00021935664942119,-2.72310732673238e-05
0.000266449648652802,5.25360066146982e-05
0.000292240296911427,9.726030697691e-05
0.000293332023429658,8.87234772647382e-05
0.000281453386411682,5.63059731833762e-05
0.000260420134853931,8.63755223360632e-06
0.000230903840090194,-4.77114876380504e-05
0.000193968871601622,-0.00010483849557501
0.000151042363262477,-0.000154315990063732
0.000103878455766714,-0.000188982390741761
5.44134092593242e-05,-0.00020409660036348
4.69919298367856e-06,-0.000197933477105788
-8.29940650862159e-05,-0.0001992660341055
-0.00015404117863249,-0.000239385603440906
-0.000200116140276699,-0.000280842433000292
-0.000215576003263506,-0.000289302850091192
-0.000205503355580422,-0.000261402867284556
-0.000177630693400794,-0.000214489581939931
-0.000134168669097575,-0.00016394036999605
-7.87470669506148e-05,-0.000127968174196475
-1.63567701495612e-05,-0.000135874695565805
4.75801126123438e-05,-0.00015285944701205
0.000108205598546085,-0.000136331995936335
0.000161305689764511,-8.79995520449493e-05
0.000199936112046086,-3.95242857121414e-05
0.000226576049731258,-3.98397000728548e-07
0.000239299081545113,1.80137378268054e-05
0.000236954221161672,1.02555230218848e-05
0.000221883733058173,-1.79961518420591e-05
0.000195107514414757,-5.93032431874224e-05
0.000157816128993308,-0.00010415801695615
0.000111844911974262,-0.000141676035875488
5.96304086428294e-05,-0.00015817106383321
4.01252674065777e-06,-0.000158218954387771
-5.22250420198205e-05,-0.000157534380802687
-0.000106485626881635,-0.00017215002092979
-0.000159046730129335,-0.000211125540348365
-0.000204255982765218,-0.000260411031489117
-0.000239850813583021,-0.000306892421259981
-0.000263959051514445,-0.00033830348290057
-0.000274986223386564,-0.000345086857103107
-0.000273447920645921,-0.000325968712881179
-0.00025931535690921,-0.000283085321877763
-0.000233256711160297,-0.00022355618750645
-0.000196627197250442,-0.000158353343070641
-0.000151514149864134,-0.000100090465340195
-0.000100501923590496,-5.93497404605586e-05
-4.65685667920031e-05,-4.30637461827714e-05
1.96909683650013e-05,-4.93931818823561e-05
7.99853602240043e-05,-4.88468573268729e-05
0.000129724761630514,-2.45832862951453e-05
0.00016522601974084,1.04012256552563e-05
0.000183654778921025,2.98303078140692e-05
0.0001831507173763,2.63006209184704e-05
0.000163391880758679,7.03929617318658e-07
0.000125683150725281,-3.54588456147676e-05
5.60157641198316e-05,-5.1158969068944e-05
-2.82717107422892e-05,-5.34284900601407e-05
-0.000116671280261253,-8.66708774989619e-05
-0.000198921462326907,-0.000164809636719043
-0.000275885146466346,-0.000283662717910515
-0.000316775605182367,-0.000344129715348082
-0.000313571444690323,-0.000299283233691706
-0.000266014102323208,-0.000166351240164222
-0.000219320960123181,-7.36155916633296e-05
-0.000162913701799541,5.37764927415916e-06
-0.000100890698160779,5.60084973418689e-05
-3.7828216860908e-05,7.13912461723065e-05
2.15269206837329e-05,6.40800524818785e-05
7.32212503974037e-05,6.31512825842987e-05
0.000114062117211804,7.78629260325771e-05
0.000141592865003915,9.82192021402785e-05
0.000154174225615975,0.000106464123275604
0.000149734598765204,9.83848255078866e-05
0.000128455562006861,7.68277407810903e-05
9.18027523961099e-05,5.21752862328571e-05
2.16816717694349e-05,6.38288913990106e-05
-6.16079945322592e-05,7.93155718575544e-05
-0.000147494376359286,3.43883302226276e-05
-0.00022591343461516,-6.71486637621772e-05
-0.000278138303643885,-0.000157558329632076
-0.000313958498806843,-0.000223544886940445
-0.000329827564039606,-0.000243030697365646
-0.000323790507603574,-0.000207492949993432
-0.000287589331314981,-0.000101781758353396
-0.000224153062606802,2.68005150100391e-05
-0.000141618687745332,0.000130147052862594
-5.11940791714775e-05,0.000173880986047615
1.7025595625186e-05,0.000167312771932822
7.65894794730825e-05,0.000164078535285269
0.000123152869337724,0.000180670088396363
0.000153479742934438,0.000204025026138334
0.000165351687527641,0.000209270230873318
0.000157704694188923,0.000194175852054356
0.000131122163215632,0.000164237623836027
8.7862569983696e-05,0.000133963149320071
1.38780627162563e-05,0.000147319906127197
-6.9871905502171e-05,0.000164046553767558
-0.000152421434301165,0.000117499601073674
-0.00022375027803854,1.96663307471787e-05
-0.000266752461086707,-5.49240043762924e-05
-0.000292364468234791,-0.000100677603054391
-0.000297824998803986,-0.000101921301360859
-0.000282008350912921,-5.69251834288099e-05
-0.000261383141154758,-9.98857179226539e-06
-0.000233188513288082,4.4349361322941e-05
-0.000198339537055165,9.92806622740909e-05
-0.000158040259341386,0.00014791646684663
-0.000113729503824345,0.000184580006174649
-6.7104919384323e-05,0.000201932403763438
-1.9922132992387e-05,0.000199654556634928
2.61344158146257e-05,0.000189592169289137
6.62132347820884e-05,0.000190233376223529
0.000103065551061627,0.000202514531509658
0.000135782155363898,0.000222343684061741
0.000163533353676828,0.000245098181339079
0.000201712594965253,0.000281216015500106
0.000212154057317051,0.000281787618459628
0.000193521661468675,0.000240940590894253
0.00014804794272609,0.000177710768046517
8.15617923619637e-05,0.000137090344138261
3.33160264491577e-06,0.000121103277332646
-7.68554513886851e-05,0.00010385036635878
-0.000149586958289975,6.05472654793076e-05
-0.000203693939066524,-4.65423256603839e-06
-0.000237916483372508,-5.45313330311513e-05
-0.000248183387806295,-6.54355491236476e-05
-0.000232728122208006,-3.13897021831938e-05
-0.000203260268560761,1.87919331612219e-05
-0.000160376565256693,7.33955118613136e-05
-0.000106823960850514,0.000116577319263371
-4.6226244220889e-05,0.000134726766452736
1.71035821262129e-05,0.00012621724181724
7.91024274753651e-05,0.000125394516561515
0.000136194270016644,0.000153080986715813
0.000185243794107984,0.000201831803530912
0.000228045960174859,0.000255016766689485
0.00025305203042698,0.000284870851553207
0.000258034732985345,0.000277789872087657
0.000242355208238477,0.0002333155128399
0.000195410670583472,0.000135464819897077
0.000125028235893457,6.46145010417581e-05
4.15685784309368e-05,6.39545307341475e-05
-4.31402720714758e-05,8.77035299090117e-05
-0.000116959613304903,5.99652323712099e-05
-0.00017198457282793,1.09716083745755e-05
-0.000201245312120882,-2.27953034907958e-05
-0.000200518917439308,-1.85165683534441e-05
-0.000190658309070969,-3.3067939602329e-06
-0.000175269425540727,1.7315673045811e-05
-0.000154673070379095,4.0697631757115e-05
-0.000129336492136648,6.36660537039447e-05
-9.98632335307913e-05,8.26163985736423e-05
-6.6999519405281e-05,9.42405987763114e-05
-3.15834067744487e-05,9.65159732042266e-05
5.48444533510938e-06,8.88805193489994e-05
4.49001654815127e-05,8.2717093639928e-05
8.42217057213348e-05,9.00994272720113e-05
0.000122598066264617,0.000110087619579402
0.000159190927102941,0.000140507097892599
0.000238192297249893,0.00024196333829141
0.000289023842279123,0.000318324462205699
0.00030357152671903,0.000319696846248451
0.000278954540756861,0.000237664010017288
0.000242417871916389,0.000153128682154674
0.000192719302999448,6.80049827181252e-05
0.000133588907032377,1.12925869918067e-06
6.96027230785919e-05,-3.40091085954298e-05
5.99214524091368e-06,-2.59775645370722e-05
-5.2411365952257e-05,-1.07013669497615e-05
-0.000101654655586041,-2.03216443500251e-05
-0.000138661179831837,-4.77576144286735e-05
-0.00015979545149063,-6.58529594972914e-05
-0.000167197139332245,-7.09317760525505e-05
-0.000160274248397233,-6.03313259387097e-05
-0.000139287818423728,-3.75517862773187e-05
-8.42348785443558e-05,-6.27323339496381e-06
-8.33052470404106e-06,1.04159798352492e-05
7.84721227503678e-05,2.83705006815819e-05
0.000165448010622284,8.21884400855954e-05
0.000234598653840438,0.000174234294137315
0.000288913559299895,0.000265362192115661
0.000322862156108454,0.000321550638974433
0.000332631474978898,0.000319578019648216
0.000324445753896262,0.000280275333482856
0.000304442204715752,0.000216263487821517
0.000273477628108891,0.00013664941985129
0.000233042909547834,5.30482307807024e-05
0.00018520911546549,-2.18656548273697e-05
0.00013256285431759,-7.77273998003496e-05
7.7932782924493e-05,-0.000108246467643369
2.42660843912043e-05,-0.000112120730720614
-4.41043961070764e-05,-0.000107213831639301
-9.87137634718717e-05,-0.000117216129870979
-0.000134795382342882,-0.000135390654400619
-0.000149177165280046,-0.000145074796591371
