0
0.018829941573047
0.0376598831460941
0.0564898247191411
0.0753197662921881
0.0941497078652352
0.112979649438282
0.131809591011329
0.150639532584376
0.175039396407606
0.199439260230835
0.223839124054065
0.248238987877294
0.268957048702272
0.289675109527249
0.310393170352226
0.331111231177204
0.351829292002181
0.372547352827159
0.393265413652136
0.413983474477113
0.438442799949425
0.462902125421736
0.487361450894048
0.511820776366359
0.533339980150768
0.554859183935176
0.576378387719585
0.597897591503994
0.624343025230496
0.650788458956998
0.6772338926835
0.703679326410002
0.731017424143008
0.758355521876014
0.785693619609019
0.813031717342025
0.828286649069063
0.843541580796101
0.858796512523139
0.874051444250177
0.889306375977215
0.904561307704253
0.919816239431291
0.935071171158329
0.947480524320645
0.959889877482961
0.972299230645276
0.984708583807592
1.01297454276856
1.04124050172952
1.06950646069049
1.09777241965145
1.13012505445157
1.16247768925169
1.19483032405181
1.22718295885193
1.24717330405041
1.26716364924889
1.28715399444736
1.30714433964584
1.32713468484431
1.34712503004279
1.36711537524127
1.38710572043974
1.41149457906404
1.43588343768833
1.46027229631262
1.48466115493692
1.50893734188389
1.53321352883086
1.55748971577783
1.58176590272481
1.61195344293015
1.64214098313548
1.67232852334082
1.70251606354616
1.7225225759253
1.74252908830443
1.76253560068356
1.78254211306269
1.80254862544182
1.82255513782095
1.84256165020008
1.86256816257921
1.88143850587816
1.9003088491771
1.91917919247604
1.93804953577499
1.95688535017452
1.97572116457405
1.99455697897358
2.01339279337312
2.03927906736491
2.0651653413567
2.09105161534849
2.11693788934028
2.13240914673563
2.14788040413099
2.16335166152635
2.1788229189217
2.18988542491452
2.20094793090734
2.21201043690016
2.22307294289298
2.23413544888579
2.24519795487861
2.25626046087143
2.26732296686425
2.27960068147867
2.29187839609309
2.3041561107075
2.31643382532192
2.34813900818236
2.37984419104279
2.41154937390322
2.44325455676366
2.4600008789445
2.47674720112533
2.49349352330617
2.51023984548701
2.52698616766785
2.54373248984869
2.56047881202952
2.57722513421036
2.59129055635347
2.60535597849658
2.61942140063969
2.6334868227828
2.67034770755096
2.70720859231912
2.74406947708728
2.78093036185544
2.81063239373397
2.84033442561249
2.87003645749101
2.89973848936954
2.92683865338818
2.95393881740681
2.98103898142545
3.00813914544409
3.03523930946272
3.06233947348136
3.0894396375
3.11653980151863
3.13863484378975
3.16072988606087
3.18282492833198
3.2049199706031
3.24087244724228
3.27682492388146
3.31277740052064
3.34872987715982
3.38167927270436
3.41462866824889
3.44757806379343
3.48052745933796
3.50009973942225
3.51967201950654
3.53924429959083
3.55881657967511
3.5783888597594
3.59796113984369
3.61753341992798
3.63710570001226
3.66404331561572
3.69098093121918
3.71791854682264
3.7448561624261
3.76036541377501
3.77587466512392
3.79138391647283
3.80689316782173
3.82240241917064
3.83791167051955
3.85342092186846
3.86893017321737
3.88203011128013
3.8951300493429
3.90822998740566
3.92132992546843
3.93617710762351
3.9510242897786
3.96587147193369
3.98071865408878
3.99175088191467
4.00278310974057
4.01381533756646
4.02484756539235
4.03587979321824
4.04691202104414
4.05794424887003
4.06897647669592
4.08336594097385
4.09775540525177
4.1121448695297
4.12653433380763
4.15277133473681
4.17900833566599
4.20524533659518
4.23148233752436
4.26118189369243
4.2908814498605
4.32058100602856
4.35028056219663
4.37552202312369
4.40076348405074
4.4260049449778
4.45124640590485
4.47117818883459
4.49110997176432
4.51104175469406
4.53097353762379
4.55090532055352
4.57083710348326
4.59076888641299
4.61070066934272
4.62974456116899
4.64878845299525
4.66783234482152
4.68687623664778
4.71608797644354
4.74529971623931
4.77451145603507
4.80372319583083
4.82336745245679
4.84301170908275
4.86265596570871
4.88230022233467
4.90194447896063
4.92158873558659
4.94123299221255
4.96087724883851
4.98139321616321
5.00190918348791
5.02242515081262
5.04294111813732
5.05653843627746
5.0701357544176
5.08373307255774
5.09733039069788
5.1082054978525
5.11908060500712
5.12995571216174
5.14083081931636
5.15170592647098
5.1625810336256
5.17345614078022
5.18433124793484
5.20125143415658
5.21817162037831
5.23509180660005
5.25201199282179
5.27696692198397
5.30192185114614
5.32687678030832
5.35183170947049
5.37678663863267
5.40174156779484
5.42669649695702
5.45165142611919
5.47766791727737
5.50368440843555
5.52970089959373
5.55571739075191
5.58479958227197
5.61388177379203
5.64296396531209
5.67204615683216
5.69121938892649
5.71039262102083
5.72956585311516
5.7487390852095
5.76791231730383
5.78708554939817
5.80625878149251
5.82543201358684
5.85140966955424
5.87738732552163
5.90336498148903
5.92934263745643
5.95532029342382
5.98129794939122
6.00727560535861
6.03325326132601
6.06304993889307
6.09284661646013
6.12264329402718
6.15243997159424
6.17358853025696
6.19473708891968
6.21588564758239
6.23703420624511
6.25818276490783
6.27933132357054
6.30047988223326
6.32162844089598
6.34021373837057
6.35879903584516
6.37738433331975
6.39596963079434
6.41455492826894
6.43314022574353
6.45172552321812
6.47031082069271
6.48731198337829
6.50431314606387
6.52131430874945
6.53831547143503
6.57035726474689
6.60239905805875
6.63444085137061
6.66648264468247
6.68731765368613
6.70815266268979
6.72898767169345
6.74982268069711
6.77065768970077
6.79149269870443
6.81232770770809
6.83316271671175
6.84910228719862
6.86504185768549
6.88098142817236
6.89692099865923
6.9128605691461
6.92880013963297
6.94473971011984
6.96067928060671
6.98479754505219
7.00891580949768
7.03303407394316
7.05715233838865
7.08136969760796
7.10558705682726
7.12980441604657
7.15402177526587
7.18519727844165
7.21637278161742
7.2475482847932
7.27872378796897
7.3077890929534
7.33685439793784
7.36591970292227
7.39498500790671
7.4142142975119
7.4334435871171
7.45267287672229
7.47190216632749
7.49113145593268
7.51036074553788
7.52959003514308
7.54881932474827
7.56774705956804
7.58667479438781
7.60560252920759
7.62453026402736
7.63991953055546
7.65530879708357
7.67069806361167
7.68608733013977
7.69704505685997
7.70800278358016
7.71896051030036
7.72991823702056
7.74087596374075
7.75183369046095
7.76279141718114
7.77374914390134
7.78731958302934
7.80089002215735
7.81446046128535
7.82803090041336
7.85770096195468
7.88737102349601
7.91704108503733
7.94671114657865
7.96459796984056
7.98248479310247
8.00037161636438
8.01825843962629
8.03614526288819
8.0540320861501
8.07191890941201
8.08980573267392
8.1063298685016
8.12285400432929
8.13937814015697
8.15590227598465
8.17060476024701
8.18530724450936
8.20000972877172
8.21471221303407
8.22941469729643
8.24411718155878
8.25881966582114
8.27352215008349
8.29807297191524
8.32262379374698
8.34717461557872
8.37172543741047
8.39166892050301
8.41161240359555
8.43155588668809
8.45149936978064
8.47048262346545
8.48946587715026
8.50844913083507
8.52743238451989
8.5464156382047
8.56539889188952
8.58438214557433
8.60336539925914
8.62733765498789
8.65130991071664
8.67528216644538
8.69925442217413
8.71476019520559
8.73026596823706
8.74577174126852
8.76127751429998
8.77678328733145
8.79228906036291
8.80779483339437
8.82330060642584
8.84163491937448
8.85996923232313
8.87830354527178
8.89663785822042
8.91497217116907
8.93330648411771
8.95164079706636
8.96997511001501
8.98051465395634
8.99105419789768
9.00159374183902
9.01213328578035
9.02267282972169
9.03321237366302
9.04375191760436
9.0542914615457
9.08026363944433
9.10623581734296
9.13220799524159
9.15818017314023
9.18591858551711
9.21365699789399
9.24139541027087
9.26913382264775
9.28300439019184
9.29687495773593
9.31074552528002
9.32461609282411
9.3384866603682
9.35235722791229
9.36622779545639
9.38009836300048
9.39590121122301
9.41170405944555
9.42750690766809
9.44330975589063
9.47364141831512
9.50397308073961
9.5343047431641
9.56463640558859
9.58644704780108
9.60825769001357
9.63006833222605
9.65187897443854
9.67368961665103
9.69550025886351
9.717310901076
9.73912154328849
9.7630527336013
9.78698392391411
9.81091511422692
9.83484630453973
9.85877749485254
9.88270868516535
9.90663987547816
9.93057106579097
9.95244607713658
9.97432108848218
9.99619609982779
10.0180711111734
10.0327926121226
10.0475141130717
10.0622356140209
10.0769571149701
10.0916786159193
10.1064001168684
10.1211216178176
10.1358431187668
10.1604589293498
10.1850747399328
10.2096905505158
10.2343063610988
10.2561086708745
10.2779109806503
10.299713290426
10.3215156002017
10.3319106744981
10.3423057487945
10.3527008230908
10.3630958973872
10.3734909716836
10.3838860459799
10.3942811202763
10.4046761945727
10.4191843860999
10.4336925776271
10.4482007691543
10.4627089606815
10.4911055367869
10.5195021128922
10.5478986889976
10.576295265103
10.5930886364838
10.6098820078646
10.6266753792455
10.6434687506263
10.6602621220071
10.677055493388
10.6938488647688
10.7106422361496
10.7254729672768
10.740303698404
10.7551344295312
10.7699651606584
10.7945880919259
10.8192110231934
10.8438339544608
10.8684568857283
10.8930798169958
10.9177027482632
10.9423256795307
10.9669486107982
10.9899055864693
11.0128625621405
11.0358195378116
11.0587765134828
11.0820790842951
11.1053816551074
11.1286842259198
11.1519867967321
11.1752893675444
11.1985919383567
11.2218945091691
11.2451970799814
11.2690155308382
11.292833981695
11.3166524325518
11.3404708834086
11.3613772110299
11.3822835386511
11.4031898662724
11.4240961938937
11.445002521515
11.4659088491362
11.4868151767575
11.5077215043788
11.5256276839222
11.5435338634656
11.5614400430091
11.5793462225525
11.5936227823437
11.607899342135
11.6221759019262
11.6364524617174
11.6507290215086
11.6650055812998
11.679282141091
11.6935587008823
11.7182779044117
11.7429971079411
11.7677163114705
11.792435515
11.8187407657574
11.8450460165148
11.8713512672722
11.8976565180297
11.9127088891565
11.9277612602834
11.9428136314103
11.9578660025371
11.972918373664
11.9879707447909
12.0030231159177
12.0180754870446
12.0311737541652
12.0442720212858
12.0573702884064
12.0704685555269
12.086913232273
12.1033579090191
12.1198025857652
12.1362472625113
12.1526919392574
12.1691366160034
12.1855812927495
12.2020259694956
12.2267278999538
12.251429830412
12.2761317608702
12.3008336913284
12.3267825959741
12.3527315006199
12.3786804052657
12.4046293099114
12.4178730768192
12.431116843727
12.4443606106347
12.4576043775425
12.4708481444502
12.484091911358
12.4973356782658
12.5105794451735
12.5351609667616
12.5597424883496
12.5843240099377
12.6089055315257
12.6298265542289
12.6507475769321
12.6716685996352
12.6925896223384
12.7021342801481
12.7116789379579
12.7212235957676
12.7307682535774
12.7403129113871
12.7498575691968
12.7594022270066
12.7689468848163
12.7784644818829
12.7879820789495
12.7974996760161
12.8070172730826
12.8369396535022
12.8668620339217
12.8967844143412
12.9267067947608
12.9480143599983
12.9693219252358
12.9906294904733
13.0119370557109
13.0332446209484
13.0545521861859
13.0758597514234
13.0971673166609
13.1169374257881
13.1367075349152
13.1564776440423
13.1762477531694
13.1919319561709
13.2076161591724
13.223300362174
13.2389845651755
13.254668768177
13.2703529711785
13.2860371741801
13.3017213771816
13.3262516743788
13.350781971576
13.3753122687732
13.3998425659704
13.4294521903178
13.4590618146651
13.4886714390125
13.5182810633599
13.5400528958457
13.5618247283315
13.5835965608174
13.6053683933032
13.627140225789
13.6489120582748
13.6706838907606
13.6924557232465
13.7073463546743
13.7222369861022
13.7371276175301
13.752018248958
13.7669088803859
13.7817995118137
13.7966901432416
13.8115807746695
13.8309380867047
13.8502953987399
13.8696527107751
13.8890100228102
13.9083673348454
13.9277246468806
13.9470819589158
13.966439270951
13.9847030384137
14.0029668058763
14.021230573339
14.0394943408016
14.0577581082643
14.076021875727
14.0942856431896
14.1125494106523
14.1364501589351
14.160350907218
14.1842516555008
14.2081524037837
14.223868153119
14.2395839024544
14.2552996517898
14.2710154011251
14.2867311504605
14.3024468997958
14.3181626491312
14.3338783984666
14.35827996162
14.3826815247735
14.4070830879269
14.4314846510803
14.4514875269117
14.471490402743
14.4914932785744
14.5114961544057
14.526542129558
14.5415881047103
14.5566340798626
14.5716800550149
14.5867260301672
14.6017720053194
14.6168179804717
14.631863955624
14.646003245195
14.6601425347661
14.6742818243371
14.6884211139081
14.7202695039736
14.7521178940391
14.7839662841045
14.81581467417
14.8478639224644
14.8799131707588
14.9119624190533
14.9440116673477
14.9709600487267
14.9979084301058
15.0248568114848
15.0518051928638
15.0704695333262
15.0891338737885
15.1077982142508
15.1264625547131
15.1451268951755
15.1637912356378
15.1824555761001
15.2011199165624
15.2211968626203
15.2412738086781
15.2613507547359
15.2814277007938
15.2975094973419
15.31359129389
15.3296730904382
15.3457548869863
15.3618366835344
15.3779184800826
15.3940002766307
15.4100820731789
15.4232073585121
15.4363326438453
15.4494579291785
15.4625832145118
15.4920390240092
15.5214948335067
15.5509506430041
15.5804064525016
15.6000781089526
15.6197497654036
15.6394214218546
15.6590930783057
15.6787647347567
15.6984363912077
15.7181080476587
15.7377797041097
15.7584782886091
15.7791768731084
15.7998754576077
15.8205740421071
15.8485764357053
15.8765788293035
15.9045812229017
15.9325836164999
15.9586896777114
15.9847957389229
16.0109018001344
16.0370078613458
16.0651500794406
16.0932922975353
16.12143451563
16.1495767337248
16.1701144985976
16.1906522634704
16.2111900283433
16.2317277932161
16.2522655580889
16.2728033229617
16.2933410878346
16.3138788527074
16.3352131199902
16.356547387273
16.3778816545558
16.3992159218386
16.414763437009
16.4303109521795
16.4458584673499
16.4614059825203
16.4769534976907
16.4925010128611
16.5080485280315
16.5235960432019
16.5518549878452
16.5801139324885
16.6083728771317
16.636631821775
16.6687788153261
16.7009258088772
16.7330728024282
16.7652197959793
16.7947917954934
16.8243637950075
16.8539357945215
16.8835077940356
16.9026954615857
16.9218831291357
16.9410707966858
16.9602584642358
16.9794461317859
16.9986337993359
17.017821466886
17.037009134436
17.0608545387848
17.0846999431336
17.1085453474824
17.1323907518312
17.1441786268168
17.1559665018024
17.1677543767879
17.1795422517735
17.1913301267591
17.2031180017447
17.2149058767302
17.2266937517158
17.2388300885442
17.2509664253727
17.2631027622011
17.2752390990296
17.3025725627159
17.3299060264022
17.3572394900885
17.3845729537749
17.4048977592581
17.4252225647413
17.4455473702246
17.4658721757078
17.481965960036
17.4980597443641
17.5141535286923
17.5302473130205
17.5463410973487
17.5624348816768
17.578528666005
17.5946224503332
17.6245187911466
17.6544151319601
17.6843114727735
17.7142078135869
17.7369048776336
17.7596019416802
17.7822990057269
17.8049960697736
17.8276931338202
17.8503901978669
17.8730872619136
17.8957843259602
17.917469683847
17.9391550417337
17.9608403996204
17.9825257575072
18.0042111153939
18.0258964732807
18.0475818311674
18.0692671890542
18.0875468443299
18.1058264996055
18.1241061548812
18.1423858101569
18.1631274551226
18.1838691000884
18.2046107450541
18.2253523900198
18.2377706742055
18.2501889583913
18.262607242577
18.2750255267628
18.2874438109485
18.2998620951342
18.31228037932
18.3246986635057
18.3390111114979
18.3533235594902
18.3676360074824
18.3819484554746
18.416019898306
18.4500913411374
18.4841627839687
18.5182342268001
18.5392814910465
18.5603287552928
18.5813760195391
18.6024232837855
18.6234705480318
18.6445178122782
18.6655650765245
18.6866123407708
18.7041405120433
18.7216686833158
18.7391968545883
18.7567250258607
18.7742531971332
18.7917813684057
18.8093095396782
18.8268377109506
18.8512436817846
18.8756496526186
18.9000556234526
18.9244615942866
18.9522132636509
18.9799649330152
19.0077166023795
19.0354682717438
19.0563873432796
19.0773064148154
19.0982254863512
19.1191445578869
19.1400636294227
19.1609827009585
19.1819017724943
19.20282084403
19.2246557919539
19.2464907398777
19.2683256878015
19.2901606357253
19.3058414103514
19.3215221849775
19.3372029596036
19.3528837342297
19.3685645088558
19.3842452834819
19.399926058108
19.4156068327342
19.4432401966849
19.4708735606357
19.4985069245864
19.5261402885371
19.5367923008307
19.5474443131243
19.5580963254178
19.5687483377114
19.5794003500049
19.5900523622985
19.600704374592
19.6113563868856
19.6225840035242
19.6338116201629
19.6450392368016
19.6562668534403
19.6851871927233
19.7141075320063
19.7430278712893
19.7719482105723
19.7935960478901
19.815243885208
19.8368917225258
19.8585395598437
19.8801873971615
19.9018352344793
19.9234830717972
19.945130909115
19.9694377432715
19.993744577428
20.0180514115845
20.042358245741
20.0598316243838
20.0773050030267
20.0947783816695
20.1122517603124
20.1297251389552
20.1471985175981
20.1646718962409
20.1821452748838
20.2067328575452
20.2313204402066
20.2559080228681
20.2804956055295
20.3023819545558
20.3242683035821
20.3461546526083
20.3680410016346
20.3899273506609
20.4118136996872
20.4337000487134
20.4555863977397
20.4733863647539
20.491186331768
20.5089862987822
20.5267862657964
20.5564898590486
20.5861934523008
20.6158970455531
20.6456006388053
20.6650926695416
20.6845847002779
20.7040767310142
20.7235687617505
20.7430607924868
20.7625528232231
20.7820448539594
20.8015368846957
20.8156755893723
20.8298142940489
20.8439529987255
20.8580917034021
20.8722304080787
20.8863691127553
20.9005078174319
20.9146465221085
20.9394223071349
20.9641980921613
20.9889738771878
21.0137496622142
21.0234701413975
21.0331906205808
21.0429110997641
21.0526315789474
