0
0.0308525600639658
0.0617051201279315
0.0925576801918973
0.123410240255863
0.154262800319829
0.185115360383795
0.21596792044776
0.246820480511726
0.270515480853367
0.294210481195007
0.317905481536648
0.341600481878288
0.365295482219929
0.388990482561569
0.41268548290321
0.436380483244851
0.456391382794328
0.476402282343805
0.496413181893283
0.51642408144276
0.538992363263458
0.561560645084157
0.584128926904855
0.606697208725554
0.630534765582337
0.65437232243912
0.678209879295902
0.702047436152685
0.726169323501806
0.750291210850927
0.774413098200049
0.79853498554917
0.816990935431562
0.835446885313954
0.853902835196347
0.872358785078739
0.890814734961132
0.909270684843524
0.927726634725916
0.946182584608309
0.974279284719843
1.00237598483138
1.03047268494291
1.05856938505445
1.08120021890047
1.1038310527465
1.12646188659252
1.14909272043855
1.1684535874962
1.18781445455385
1.2071753216115
1.22653618866914
1.24589705572679
1.26525792278444
1.28461878984209
1.30397965689974
1.33007320328398
1.35616674966822
1.38226029605246
1.4083538424367
1.43451060696826
1.46066737149981
1.48682413603137
1.51298090056292
1.53148307205941
1.54998524355591
1.5684874150524
1.58698958654889
1.60549175804538
1.62399392954188
1.64249610103837
1.66099827253486
1.68093809959206
1.70087792664926
1.72081775370646
1.74075758076365
1.76434138885305
1.78792519694244
1.81150900503184
1.83509281312123
1.86037525206949
1.88565769101776
1.91094012996602
1.93622256891428
1.95754679422244
1.97887101953059
2.00019524483875
2.02151947014691
2.04284369545506
2.06416792076322
2.08549214607138
2.10681637137953
2.12751416828726
2.14821196519499
2.16890976210272
2.18960755901045
2.21346632112572
2.23732508324099
2.26118384535626
2.28504260747154
2.31156066230646
2.33807871714139
2.36459677197631
2.39111482681123
2.40831536394744
2.42551590108365
2.44271643821986
2.45991697535608
2.47711751249229
2.4943180496285
2.51151858676471
2.52871912390092
2.53825890472943
2.54779868555795
2.55733846638646
2.56687824721498
2.57641802804349
2.58595780887201
2.59549758970052
2.60503737052904
2.63046035688691
2.65588334324479
2.68130632960266
2.70672931596054
2.72071968441059
2.73471005286064
2.74870042131069
2.76269078976074
2.77668115821079
2.79067152666084
2.80466189511089
2.81865226356095
2.84259425381402
2.86653624406709
2.89047823432016
2.91442022457324
2.9380774565669
2.96173468856056
2.98539192055422
3.00904915254788
3.02591154573216
3.04277393891644
3.05963633210073
3.07649872528501
3.09336111846929
3.11022351165358
3.12708590483786
3.14394829802214
3.16467493463113
3.18540157124012
3.2061282078491
3.22685484445809
3.25541526726251
3.28397569006694
3.31253611287136
3.34109653567578
3.36960036357784
3.39810419147989
3.42660801938194
3.455111847284
3.48124348726627
3.50737512724854
3.5335067672308
3.55963840721307
3.57739934498432
3.59516028275557
3.61292122052682
3.63068215829807
3.64844309606932
3.66620403384056
3.68396497161181
3.70172590938306
3.71770600207736
3.73368609477167
3.74966618746597
3.76564628016027
3.7896103756304
3.81357447110053
3.83753856657066
3.86150266204079
3.87982214070313
3.89814161936548
3.91646109802782
3.93478057669016
3.95310005535251
3.97141953401485
3.9897390126772
4.00805849133954
4.03165602908648
4.05525356683342
4.07885110458036
4.1024486423273
4.11505413362566
4.12765962492402
4.14026511622238
4.15287060752074
4.16547609881909
4.17808159011745
4.19068708141581
4.20329257271417
4.21469000047733
4.22608742824048
4.23748485600364
4.2488822837668
4.27689444387972
4.30490660399264
4.33291876410557
4.36093092421849
4.37086543929296
4.38079995436743
4.3907344694419
4.40066898451637
4.41060349959084
4.42053801466531
4.43047252973978
4.44040704481426
4.44960668946125
4.45880633410824
4.46800597875523
4.47720562340221
4.50616012612018
4.53511462883814
4.56406913155611
4.59302363427407
4.61237446591325
4.63172529755243
4.65107612919161
4.6704269608308
4.68977779246998
4.70912862410916
4.72847945574834
4.74783028738752
4.76635333870729
4.78487639002707
4.80339944134684
4.82192249266661
4.8468133192701
4.87170414587359
4.89659497247707
4.92148579908056
4.94381649553221
4.96614719198385
4.9884778884355
5.01080858488715
5.03901485201677
5.06722111914638
5.095427386276
5.12363365340562
5.13579073637725
5.14794781934888
5.16010490232052
5.17226198529215
5.18441906826378
5.19657615123542
5.20873323420705
5.22089031717869
5.24682908030695
5.27276784343522
5.29870660656349
5.32464536969175
5.35058413282002
5.37652289594829
5.40246165907655
5.42840042220482
5.456326075911
5.48425172961717
5.51217738332334
5.54010303702952
5.5673206676469
5.59453829826428
5.62175592888166
5.64897355949904
5.66666851326246
5.68436346702588
5.7020584207893
5.71975337455272
5.73129523126117
5.74283708796961
5.75437894467806
5.76592080138651
5.77746265809495
5.7890045148034
5.80054637151184
5.81208822822029
5.82923759667396
5.84638696512762
5.86353633358129
5.88068570203496
5.89680853104694
5.91293136005891
5.92905418907089
5.94517701808286
5.96129984709484
5.97742267610681
5.99354550511879
6.00966833413076
6.03358844927748
6.0575085644242
6.08142867957092
6.10534879471764
6.12548943608664
6.14563007745564
6.16577071882464
6.18591136019364
6.20261513593645
6.21931891167926
6.23602268742207
6.25272646316487
6.26943023890768
6.28613401465049
6.3028377903933
6.31954156613611
6.33610639484659
6.35267122355708
6.36923605226757
6.38580088097805
6.39533583649088
6.4048707920037
6.41440574751653
6.42394070302935
6.43347565854218
6.443010614055
6.45254556956782
6.46208052508065
6.47498019666571
6.48787986825078
6.50077953983585
6.51367921142091
6.53910594304688
6.56453267467285
6.58995940629882
6.61538613792479
6.62865072205141
6.64191530617803
6.65517989030465
6.66844447443127
6.68170905855789
6.69497364268452
6.70823822681114
6.72150281093776
6.73857236168796
6.75564191243816
6.77271146318837
6.78978101393857
6.80685056468877
6.82392011543897
6.84098966618918
6.85805921693938
6.88385151441699
6.90964381189459
6.9354361093722
6.96122840684981
6.98766267213334
7.01409693741687
7.04053120270039
7.06696546798392
7.08071319858442
7.09446092918492
7.10820865978542
7.12195639038591
7.13570412098641
7.14945185158691
7.16319958218741
7.17694731278791
7.19439437903758
7.21184144528725
7.22928851153693
7.2467355777866
7.26418264403628
7.28162971028595
7.29907677653563
7.3165238427853
7.34180236534444
7.36708088790358
7.39235941046272
7.41763793302186
7.44700923308428
7.4763805331467
7.50575183320912
7.53512313327153
7.55291378084429
7.57070442841705
7.58849507598981
7.60628572356256
7.62407637113532
7.64186701870808
7.65965766628084
7.67744831385359
7.69438358892514
7.71131886399669
7.72825413906823
7.74518941413978
7.77157179488107
7.79795417562237
7.82433655636366
7.85071893710496
7.87453191562431
7.89834489414367
7.92215787266302
7.94597085118238
7.97870511616828
8.01143938115418
8.04417364614009
8.07690791112599
8.10348639652065
8.1300648819153
8.15664336730995
8.18322185270461
8.20307327215683
8.22292469160904
8.24277611106126
8.26262753051348
8.2824789499657
8.30233036941791
8.32218178887013
8.34203320832235
8.36024264656502
8.37845208480769
8.39666152305037
8.41487096129304
8.43488765878337
8.45490435627369
8.47492105376402
8.49493775125434
8.51495444874467
8.53497114623499
8.55498784372532
8.57500454121565
8.59176863762074
8.60853273402584
8.62529683043094
8.64206092683603
8.6557998041629
8.66953868148976
8.68327755881662
8.69701643614349
8.71075531347035
8.72449419079722
8.73823306812408
8.75197194545095
8.77612285362373
8.80027376179652
8.82442466996931
8.8485755781421
8.87432732230202
8.90007906646194
8.92583081062186
8.95158255478178
8.97058134034198
8.98958012590218
9.00857891146239
9.02757769702259
9.0465764825828
9.065575268143
9.0845740537032
9.10357283926341
9.1212390063973
9.1389051735312
9.1565713406651
9.17423750779899
9.19190367493289
9.20956984206678
9.22723600920068
9.24490217633458
9.26627922758801
9.28765627884144
9.30903333009488
9.33041038134831
9.34976800514975
9.36912562895119
9.38848325275264
9.40784087655408
9.42719850035552
9.44655612415696
9.4659137479584
9.48527137175985
9.51192475078877
9.5385781298177
9.56523150884662
9.59188488787555
9.62206874258054
9.65225259728552
9.68243645199051
9.7126203066955
9.73753104412481
9.76244178155412
9.78735251898344
9.81226325641275
9.82904663980742
9.84583002320208
9.86261340659674
9.8793967899914
9.89618017338607
9.91296355678073
9.92974694017539
9.94653032357005
9.96197432670007
9.97741832983008
9.99286233296009
10.0083063360901
10.0246430053412
10.0409796745923
10.0573163438435
10.0736530130946
10.0899896823457
10.1063263515968
10.1226630208479
10.1389996900991
10.1584381298664
10.1778765696338
10.1973150094012
10.2167534491686
10.2359790207264
10.2552045922843
10.2744301638421
10.2936557354
10.3128813069578
10.3321068785157
10.3513324500736
10.3705580216314
10.3877762649897
10.4049945083481
10.4222127517064
10.4394309950647
10.4613531681504
10.4832753412362
10.5051975143219
10.5271196874077
10.5490418604934
10.5709640335791
10.5928862066649
10.6148083797506
10.6342707015801
10.6537330234096
10.6731953452391
10.6926576670685
10.7056298015943
10.7186019361202
10.731574070646
10.7445462051718
10.7575183396976
10.7704904742234
10.7834626087492
10.796434743275
10.8205810364398
10.8447273296045
10.8688736227692
10.8930199159339
10.9126661697635
10.932312423593
10.9519586774226
10.9716049312521
10.9955904716153
11.0195760119785
11.0435615523417
11.0675470927049
11.0910763262355
11.1146055597661
11.1381347932967
11.1616640268274
11.1792602577463
11.1968564886652
11.2144527195841
11.232048950503
11.2496451814219
11.2672414123408
11.2848376432597
11.3024338741786
11.3188038345406
11.3351737949026
11.3515437552645
11.3679137156265
11.3808906652843
11.3938676149421
11.4068445645999
11.4198215142577
11.4327984639155
11.4457754135732
11.458752363231
11.4717293128888
11.4959845805662
11.5202398482435
11.5444951159208
11.5687503835982
11.5910065209076
11.6132626582171
11.6355187955266
11.657774932836
11.6822831464885
11.706791360141
11.7312995737934
11.7558077874459
11.7814374886024
11.8070671897589
11.8326968909154
11.8583265920719
11.8768096657707
11.8952927394695
11.9137758131683
11.9322588868671
11.9507419605659
11.9692250342647
11.9877081079635
12.0061911816623
12.0282427520562
12.0502943224502
12.0723458928441
12.094397463238
12.1038752466168
12.1133530299955
12.1228308133742
12.1323085967529
12.1417863801316
12.1512641635103
12.160741946889
12.1702197302677
12.1802947930324
12.1903698557971
12.2004449185618
12.2105199813264
12.2406077249422
12.270695468558
12.3007832121737
12.3308709557895
12.3621584551991
12.3934459546087
12.4247334540184
12.456020953428
12.4811274716826
12.5062339899371
12.5313405081917
12.5564470264462
12.5834292509784
12.6104114755106
12.6373937000427
12.6643759245749
12.6881824499852
12.7119889753954
12.7357955008057
12.7596020262159
12.7770184318056
12.7944348373952
12.8118512429848
12.8292676485745
12.8466840541641
12.8641004597537
12.8815168653434
12.898933270933
12.9157165571318
12.9324998433305
12.9492831295292
12.966066415728
12.978862761163
12.9916591065981
13.0044554520331
13.0172517974682
13.0300481429032
13.0428444883383
13.0556408337733
13.0684371792084
13.0927817125903
13.1171262459723
13.1414707793543
13.1658153127363
13.1817696640862
13.1977240154361
13.213678366786
13.2296327181359
13.2455870694859
13.2615414208358
13.2774957721857
13.2934501235356
13.3175936861511
13.3417372487666
13.365880811382
13.3900243739975
13.4137831428508
13.4375419117041
13.4613006805574
13.4850594494107
13.510314694579
13.5355699397473
13.5608251849157
13.586080430084
13.608549007969
13.631017585854
13.653486163739
13.675954741624
13.6934430950495
13.7109314484749
13.7284198019004
13.7459081553259
13.7633965087513
13.7808848621768
13.7983732156022
13.8158615690277
13.8403515735674
13.864841578107
13.8893315826466
13.9138215871863
13.9229544951206
13.9320874030549
13.9412203109892
13.9503532189235
13.9594861268578
13.9686190347922
13.9777519427265
13.9868848506608
13.9954096554567
14.0039344602527
14.0124592650486
14.0209840698445
14.0510393797457
14.0810946896469
14.1111499995481
14.1412053094493
14.1738095915775
14.2064138737058
14.239018155834
14.2716224379622
14.2993061361366
14.3269898343109
14.3546735324852
14.3823572306595
14.4103175938973
14.4382779571352
14.466238320373
14.4941986836108
14.5190432845289
14.5438878854469
14.5687324863649
14.593577087283
14.6040370769754
14.6144970666679
14.6249570563604
14.6354170460529
14.6458770357453
14.6563370254378
14.6667970151303
14.6772570048227
14.6898467963934
14.702436587964
14.7150263795347
14.7276161711054
14.7599913376036
14.7923665041018
14.8247416706
14.8571168370981
14.8765513063233
14.8959857755484
14.9154202447735
14.9348547139986
14.9542891832237
14.9737236524489
14.993158121674
15.0125925908991
15.0413182686259
15.0700439463526
15.0987696240794
15.1274953018062
15.1533473216787
15.1791993415512
15.2050513614237
15.2309033812963
15.251214092914
15.2715248045318
15.2918355161496
15.3121462277673
15.3324569393851
15.3527676510029
15.3730783626207
15.3933890742384
15.4104653283174
15.4275415823963
15.4446178364752
15.4616940905542
15.4817652470354
15.5018364035167
15.5219075599979
15.5419787164792
15.5620498729604
15.5821210294417
15.6021921859229
15.6222633424042
15.6435519956693
15.6648406489345
15.6861293021997
15.7074179554648
15.7172066692277
15.7269953829907
15.7367840967536
15.7465728105165
15.7563615242794
15.7661502380424
15.7759389518053
15.7857276655682
15.804259245444
15.8227908253198
15.8413224051957
15.8598539850715
15.8858044356893
15.911754886307
15.9377053369248
15.9636557875426
15.9808938807644
15.9981319739861
16.0153700672079
16.0326081604297
16.0498462536514
16.0670843468732
16.084322440095
16.1015605333168
16.1221236751628
16.1426868170089
16.1632499588549
16.183813100701
16.1938385623405
16.20386402398
16.2138894856195
16.223914947259
16.2339404088985
16.243965870538
16.2539913321774
16.2640167938169
16.2796067013047
16.2951966087925
16.3107865162803
16.3263764237681
16.3574176638113
16.3884589038544
16.4195001438975
16.4505413839406
16.4699052638173
16.4892691436939
16.5086330235706
16.5279969034472
16.5473607833239
16.5667246632005
16.5860885430772
16.6054524229538
16.6251759222738
16.6448994215937
16.6646229209137
16.6843464202336
16.7040699195535
16.7237934188735
16.7435169181934
16.7632404175134
16.7811875505889
16.7991346836644
16.8170818167399
16.8350289498154
16.8484350053889
16.8618410609623
16.8752471165358
16.8886531721092
16.9020592276827
16.9154652832561
16.9288713388295
16.942277394403
16.954607807732
16.966938221061
16.97926863439
16.991599047719
17.0205171964957
17.0494353452724
17.0783534940491
17.1072716428258
17.1368983529606
17.1665250630954
17.1961517732302
17.225778483365
17.250919832944
17.2760611825231
17.3012025321022
17.3263438816813
17.3536673528074
17.3809908239336
17.4083142950597
17.4356377661858
17.4605843025468
17.4855308389078
17.5104773752688
17.5354239116298
17.552535748465
17.5696475853002
17.5867594221354
17.6038712589705
17.6209830958057
17.6380949326409
17.655206769476
17.6723186063112
17.688118711365
17.7039188164188
17.7197189214726
17.7355190265264
17.750685913013
17.7658527994997
17.7810196859863
17.796186572473
17.8113534589596
17.8265203454462
17.8416872319329
17.8568541184195
17.8704429221834
17.8840317259473
17.8976205297112
17.9112093334751
17.9427864228557
17.9743635122363
18.0059406016168
18.0375176909974
18.0581743844022
18.0788310778071
18.0994877712119
18.1201444646168
18.1355628939171
18.1509813232175
18.1663997525178
18.1818181818182
