0,0
2.45387787666289e-05,-1.11498544144583e-05
9.33462084441698e-05,3.33055170421563e-06
0.000195991774391772,9.90616262804608e-05
0.000317755422358811,0.000309964382413871
0.000441356764605841,0.000626621220612056
0.000548144791980905,0.000923860523353852
0.000621098832145998,0.0010739439536851
0.000647161504414738,0.000986794805462376
0.000630310122333832,0.000740708238278462
0.000582308844411875,0.000392393807631927
0.000507913377484135,7.38781930157773e-06
0.00041540221851658,-0.000345849509094776
0.000315798015691442,-0.000609230745298094
0.000220985321781165,-0.000771118852088479
0.000141383328773591,-0.000844266945551945
8.50188893746e-05,-0.000859735708473663
5.9361266325937e-05,-0.000856447088457713
5.46006306790773e-05,-0.000848598587431816
6.99059091439504e-05,-0.000836414845297906
0.000103049804376905,-0.000811117018824295
0.000157539451404986,-0.000748578154059964
0.000224335351506413,-0.000634249090708095
0.0002967378758451,-0.000467077134214504
0.000367629125251674,-0.000265089707161708
0.000432895939702864,-5.25187165174323e-05
0.000480126273743461,0.00010310134438708
0.000502526510143963,0.000158350137237134
0.000495530594474741,9.47038498119525e-05
0.000456581776385416,-8.03640342037528e-05
0.000388066016492969,-0.00031166074625462
0.00029624129630328,-0.000537381300453488
0.000190765757619388,-0.000703080133189151
0.000108433119627536,-0.000763546056726401
3.06753138779588e-05,-0.000779035490617922
-3.78473710198696e-05,-0.000774397986708242
-9.35041045068188e-05,-0.000774078259376425
-0.000133774607669515,-0.000784485572805665
-0.000156970405463362,-0.000785511179964953
-0.000162287632665718,-0.000768568941627168
-0.000149998645381361,-0.000734472440317483
-0.000100836718381617,-0.000675194640556255
-2.54453192595437e-05,-0.000636984622621348
6.20344299729257e-05,-0.000615162026337538
0.000146547075509212,-0.00056345746425019
0.000202647149334887,-0.00047900342153156
0.000241317160644277,-0.000400691858538075
0.000257450778336537,-0.000356825196576536
0.000247791678739135,-0.000361252589225702
0.000218156722221743,-0.000401124886894366
0.000169993507308127,-0.000454830179429917
0.000106055319825849,-0.00049946793664308
3.06004337870278e-05,-0.000512211640138987
-5.09949454988951e-05,-0.000505872689802498
-0.000133873456629529,-0.000532235471499836
-0.00021363321212413,-0.000605255516046631
-0.000286148140247585,-0.000709911102782049
-0.00036568575569819,-0.000845064111405029
-0.000416193806572831,-0.000907705121356349
-0.000431771739962694,-0.000854671506951926
-0.000410505333361659,-0.000687464147967972
-0.00035466797947436,-0.000448622359482062
-0.000273113945583389,-0.000215257633066022
-0.000178133503333289,-4.68524088521712e-05
-8.41893180818722e-05,3.15494055344322e-05
-2.67193573707728e-05,3.46308714195443e-05
1.85133378142506e-05,2.28552428963831e-05
4.85195552763179e-05,1.87282631539271e-05
6.15135406500639e-05,2.15598159724835e-05
5.66925695314791e-05,1.69894005574731e-05
3.44365490261726e-05,1.85345027102619e-05
-3.66527506244873e-06,3.21169595136123e-05
-5.5092377556701e-05,3.99144320036759e-05
-0.000121828971020817,1.20144604814462e-05
-0.000196199226116518,-6.43622465188894e-05
-0.000273641408773072,-0.000190292445175607
-0.000349402277286163,-0.000352880703944663
-0.000430305427634722,-0.000557814170457621
-0.00049426438726697,-0.000718512478344416
-0.000534582427770947,-0.000784244726156744
-0.000546410008607325,-0.000725785777602603
-0.000524578255705388,-0.000523119740257683
-0.000468846653058584,-0.000230634262348014
-0.000385544583218886,8.11114915706578e-05
-0.000285231958329011,0.000342835919468257
-0.000197489736300522,0.000485312285523777
-0.000115818802772058,0.000557040961039113
-4.75425020693884e-05,0.000573868220976671
1.68099283050352e-06,0.000562389570049422
2.81898428218698e-05,0.000551468039992492
3.10045701377145e-05,0.000551065213162318
1.10966080611779e-05,0.000560377365919383
-2.87530291373942e-05,0.000569122139161004
-8.24223197032308e-05,0.000557163036954361
-0.000146116728194485,0.000504879805278514
-0.000214712974805794,0.000405823671497317
-0.000282811459736904,0.000267416494529634
-0.000353588849835051,8.58479455537283e-05
-0.0004081677320837,-6.85272972288657e-05
-0.000439553559161841,-0.000150153778953513
-0.000442703432517221,-0.000131892016799004
-0.000409930490957171,8.51445269963716e-06
-0.000341306994456013,0.000216335602439119
-0.000244496353001127,0.000419157610548671
-0.000132055750653485,0.000551828372370987
-5.84399004812645e-05,0.00057307957265817
1.06833867936483e-05,0.000568552911800852
7.18054156871258e-05,0.000569833937220015
0.000122214172283083,0.00058560468444681
0.000159871347447852,0.000605078376819377
0.000183116930162202,0.000614072044248876
0.000190992986245931,0.000604364791006536
0.000183327076703105,0.000574894378427476
0.000172582289820081,0.000551957809612387
0.000157498655277202,0.000526595674016658
0.000138413993197467,0.000501029883145374
0.000115753468741439,0.000477666714114229
9.00243854373322e-05,0.000458959763121228
6.18093903967848e-05,0.000447132534750581
3.1745639541343e-05,0.000443946902045227
5.14910936123966e-07,0.000450581350234755
-8.36677929938627e-05,0.000444725346479337
-0.00016094540990788,0.000379721766180676
-0.000221824999810158,0.000287651084371129
-0.000258106314578443,0.000212544427823672
-0.000265130795982184,0.000195205447474096
-0.000262077512924997,0.000198132243224331
-0.000248682998593552,0.000220359302195256
-0.00022510147401355,0.000257517667586478
-0.000191915417133315,0.000302333136524311
-0.000150190516148885,0.000345339722977163
-0.000101394021862019,0.000377212422153278
-4.73597831080847e-05,0.0003898051755095
5.12729509094979e-05,0.000388814032948161
0.00014959224792341,0.000425621259169998
0.000239182731604857,0.000520626189259591
0.000312571809119132,0.000638223152327569
0.000362762057410486,0.00071361827008981
0.000385487769637942,0.000712534695288472
0.000378211404787976,0.000622883352285392
0.000341568060974471,0.000463802866303055
0.000299567010378839,0.000332219918761622
0.000247241508514046,0.000207232137420091
0.000187883460709444,0.00010525105567748
0.000125292592991227,3.71335112241709e-05
6.36233064085061e-05,1.03729857920102e-05
6.80523806469717e-06,8.85009233430712e-06
-4.18511598854866e-05,1.1195260375021e-05
-7.97460932547571e-05,5.85080848195695e-06
-0.000108825261003043,-7.26435684059961e-06
-0.000116342805402439,-1.09721061834898e-05
-0.000101477831714623,-1.04138994090561e-06
-6.52810199771703e-05,1.31864557427321e-05
1.35195280962172e-05,-2.05052829033096e-06
0.000114213609660207,1.37796965946226e-05
0.000223375608026628,0.000129237326153437
0.000327304158556333,0.000326814599000548
0.000412334284633253,0.000525728579509723
0.000465650658806745,0.000629675746761355
0.000478246606399808,0.000579476209226958
0.000446717773937941,0.00037917107311016
0.000381350977785818,0.000117425996652475
0.000290309504601057,-0.00013328968637996
0.000186121818367599,-0.00030991304707215
8.34531663084135e-05,-0.000387468838964878
2.24514529081404e-05,-0.000385991924433798
-2.71274724966859e-05,-0.000370968206474577
-6.26622827075803e-05,-0.000366204094503497
-8.25723159419337e-05,-0.000368996927925214
-8.61277880469396e-05,-0.000365332285954853
-7.33607835351363e-05,-0.000356203730309632
-4.53836534693509e-05,-0.000346978888611017
-4.33502995976203e-06,-0.000350278877776984
4.12642523056673e-05,-0.000357400436147064
9.26529301589885e-05,-0.000342778019111674
0.000147476281950619,-0.000299456111535987
0.000203294454273171,-0.000227097899661247
0.000283496194297486,-7.65998330080043e-05
0.000351879965193791,8.37022245646725e-05
0.000400791261648711,0.00020606937353664
0.000424010308835791,0.000249620464620318
0.000421641355842493,0.000213227565384035
0.00040104357606409,0.000122302082529992
0.000362856211273219,-7.76588972841764e-06
0.000309076992129494,-0.000153814667831571
0.000242972678254127,-0.000288565979301584
0.000169025261153733,-0.000389333771755806
9.22412076170307e-05,-0.000442895271218425
1.78496799470838e-05,-0.000447866732314469
-6.66757601867778e-05,-0.000445267797275016
-0.00013164202027118,-0.00046539983108503
-0.000171645697450727,-0.000484868785275046
-0.000183432069123567,-0.000479921051625504
-0.000177735429248697,-0.000461568939444757
-0.000163916264835008,-0.000435465718497931
-0.000142489248940291,-0.000405570614164185
-0.000114246278133252,-0.000376984337856941
-8.02165826323142e-05,-0.000352920953418439
-4.17526921953692e-05,-0.000345294355807359
-3.4073658120319e-07,-0.000356549399159305
4.25313327877883e-05,-0.000367048646305642
8.14262170653489e-05,-0.000357806937571488
0.000119557985469695,-0.000334440478879534
0.000156035361781976,-0.000299091796719113
0.000189986078957341,-0.000255077309020427
0.000257668179260285,-0.000136038484936724
0.000293775618831772,-6.17006112210783e-05
0.000290884638891593,-7.32597250420491e-05
0.000247011348686056,-0.000162835053905042
0.000222151140365758,-0.000204168384925252
0.000193031279287249,-0.000245042357105424
0.000160178572538799,-0.000281898856485113
0.000124217000304704,-0.000311410800800975
8.58400875150353e-05,-0.000332929730238055
4.58584561017544e-05,-0.00033811337979473
5.10901834745118e-06,-0.000325765701960289
-3.56187711006901e-05,-0.000312688607570472
-7.27397629690874e-05,-0.000315307121464568
-0.000108857159026991,-0.000328566549940319
-0.000143526833901283,-0.000350895815831292
-0.000176314160144372,-0.000380199248932259
-0.000262838487521736,-0.000490897235639901
-0.000314697190985809,-0.000556345831927689
-0.000324179734200486,-0.000522022107604407
-0.00028959346858468,-0.000391629161119448
-0.000244074309244018,-0.000278054779193616
-0.000184758583967495,-0.000174233006130973
-0.000116514066232928,-0.000102382446051614
-4.50644064413641e-05,-7.53162233740142e-05
2.34377026487134e-05,-8.04802259947759e-05
8.38876460109102e-05,-7.763723006925e-05
0.00013216888993735,-5.23948115665716e-05
0.000165067444436771,-1.88581850408601e-05
0.000179910798326155,-3.08963688269401e-06
0.000177039814252575,-8.44735614555298e-06
0.000156264823776246,-3.29669449057001e-05
0.00011866779536948,-6.57439197453894e-05
4.61905341230828e-05,-7.2513701477544e-05
-4.28332557831416e-05,-6.9832104142963e-05
-0.000138726814813836,-0.000116007338556777
-0.000232076396076837,-0.000226253063341606
-0.000306214685098837,-0.000357824463223206
-0.000364635036084403,-0.000474682680708445
-0.000402002655675125,-0.000537923521685843
-0.000414455392941891,-0.000522359092148156
-0.000391532546090715,-0.00038069975634861
-0.00032836911795614,-0.000163966151294679
-0.000234293210869089,4.87085714542059e-05
-0.000124528280837645,0.000186354972340702
-7.72348914798485e-05,0.000210388310724347
-3.2117464872767e-05,0.000214732982393385
9.44393701652246e-06,0.000205692864346308
4.62824215993837e-05,0.000198122894876522
7.74989837278848e-05,0.000202270381738256
0.000102388584969457,0.000210645648141175
0.000120347464637098,0.000218714009668455
0.000130921601770137,0.000223010859417199
0.000127321016100466,0.000196441269018293
8.99050680663364e-05,0.000181360628160291
2.45691956868559e-05,0.000215100499719429
-5.94627403926813e-05,0.000242507153956656
-0.000151449604226802,0.000183890131213006
-0.000241099450896873,5.81246095894531e-05
-0.000318013914844049,-9.69413563238629e-05
-0.000372658664530585,-0.000224103315735764
-0.000397422394356694,-0.000260229497961599
-0.000381079934315592,-0.00017405523631908
-0.000323868858698085,4.8363115187344e-06
-0.000232995918124022,0.000202885080558159
-0.000125197779899023,0.000313540588581997
-1.52112291834378e-05,0.000355011018833533
8.18889783177253e-05,0.000377693657353465
0.000154009340002837,0.000409176762919856
0.000183232305999785,0.000429497582966895
0.000196694164474783,0.000432058200303033
0.000193701077738051,0.000412255716856718
0.000174523319184214,0.000373752865539333
0.000153858352150693,0.000343623945129902
0.000127456367682633,0.000314458176595556
9.61176077926993e-05,0.000290670624765773
6.08092254759102e-05,0.000276396331776831
2.26702343476123e-05,0.000278586449970072
-1.71125310052144e-05,0.000287067799371468
-5.74560044065164e-05,0.000286819781313012
-9.73851216978176e-05,0.000271809630044938
-0.000154004883483032,0.000224751101897695
-0.000204694875521755,0.000158593253499812
-0.000246657916594713,8.79040857640623e-05
-0.000277395078038588,2.83164720893044e-05
-0.000294159867109048,-4.48246443454735e-06
-0.000297848148227067,-7.72207424220849e-06
-0.000287802895583123,1.96451324077903e-05
-0.000264074012519433,7.23606628381017e-05
-0.000227444708010089,0.000139703270628646
-0.000179561708179014,0.000206638846027077
-0.000122757124234736,0.000258632770316959
-5.99720477561325e-05,0.000283713965813078
3.69748315777181e-05,0.000282983433375262
0.000129686433821786,0.000304549370410541
0.00020976021457878,0.000375348017035443
0.000270228000563982,0.000461605664916102
0.000301714361674739,0.000499953859185825
0.000312616315046282,0.000491504748168214
0.000301900705004682,0.000433120292597121
0.000270248060723301,0.000336952545224286
0.000229805762221156,0.000245931669358614
0.000179062802618184,0.000162786257491698
0.000121115617446515,0.000102030973208864
5.95814285925772e-05,7.32812569733368e-05
-1.52349940980529e-06,8.11275847327932e-05
-5.8615849343976e-05,9.12707671089287e-05
-0.00010876094570821,7.61971135261723e-05
-0.000149589066567014,4.15659791312988e-05
-0.000178921287113259,9.97552535876882e-06
-0.000195390862798181,-9.53114211344334e-06
-0.000197894057116293,-1.04041442895885e-05
-0.000186007696321925,7.89188161455708e-06
-0.000172727125246044,2.5213000741924e-05
-0.000154963987842286,4.51644488383573e-05
-0.000133005963704896,6.54020042850327e-05
-0.000107233710968193,8.33370228022321e-05
-7.81042958546413e-05,9.73237681745884e-05
-4.61943219964625e-05,0.000101506263405493
-1.21351764918837e-05,9.431932357377e-05
2.3439501635237e-05,8.42272804596742e-05
7.29525989451727e-05,8.64825817757265e-05
0.000122906305731797,0.000110216659244759
0.000172027149720665,0.000153819480117481
0.000219046828395251,0.000213234781570082
0.000300899287780859,0.000353030386028273
0.000360635649673466,0.000466209676295505
0.00039102302964607,0.000501288699199283
0.000387708398396959,0.000435241647148328
0.000372109714588486,0.00036261473536541
0.000347460616158199,0.000272177181728446
0.000314543304003482,0.000172378909363935
0.000274494424357133,7.25521280341908e-05
0.000228773787986865,-1.78767799293609e-05
0.00017912299848764,-9.11461093735812e-05
0.000127433218343712,-0.000142071833958692
7.56836007180195e-05,-0.000168553770854185
1.2310459961909e-05,-0.000160593195477925
-4.39489184999974e-05,-0.000141448831237979
-9.0179230856463e-05,-0.000144445136684096
-0.000124276947017868,-0.000164097272756451
-0.000144697243485096,-0.000176510010015804
-0.000150216640573922,-0.000176436308672401
-0.000140474646444113,-0.000162266000972749
-0.000115980358903204,-0.000139068065882388
-5.4463982297896e-05,-0.000126424232647705
2.82240840470987e-05,-0.000121682650249248
0.00012177742667229,-7.98623837837674e-05
0.000215583060235008,2.3185422882694e-05
0.000301136443622923,0.00018001982350794
0.000365252590856589,0.000316490590711003
0.000399170701868648,0.000373084035117416
0.000397275045550192,0.000319396844004961
0.000381326005958249,0.000248177205152507
0.000355533669788067,0.00015636384858923
0.000320702433688824,5.33471708074538e-05
0.000278053124304196,-5.03172465681791e-05
0.000229187120204688,-0.000143858381449271
0.000176040711998315,-0.000218417296104082
0.00012072533376695,-0.000268164803680452
6.54536421072111e-05,-0.000290914593441882
-1.08892416069862e-06,-0.000283121095340204
-6.00188565664272e-05,-0.000270665536142984
-0.000108328753991008,-0.000279922374753681
-0.000143801953435043,-0.000302697565204699
-0.000164805493173347,-0.00031494691162713
-0.000170122993991405,-0.000310962898958804
-0.000159474586034465,-0.000289660382223718
-0.000133538887166379,-0.000257327894358919
-7.24850241663986e-05,-0.000227089822025903
7.99913138332738e-06,-0.000212579841275697
9.76802660904078e-05,-0.000181735671124331
0.000186126856500717,-0.000103849204420388
0.000274377140527104,4.55458343343684e-05
0.000333267900048067,0.000164040225651372
0.000352072915224764,0.000183850014650007
0.000325677337861496,8.88892203682586e-05
0.000287975675035286,-9.64833394165672e-06
0.000236204423012823,-0.000114057339843487
0.000173457043322138,-0.000203440322228541
0.000103726314932486,-0.000260653252360565
3.18163356567209e-05,-0.000264228791391485
-3.76108637315391e-05,-0.000250406663949769
-0.000100691789861136,-0.000261096161806616
-0.000154350513521129,-0.000297776764084279
-0.00019435377889939,-0.000335503486507111
-0.000221471113088482,-0.000362318071712588
-0.000234286258747689,-0.000367818895784585
-0.000232056989811755,-0.000347923903505416
-0.000198373357747111,-0.000259724192502275
-0.00013353045789806,-0.000190144617813271
-4.77862962595074e-05,-0.000196775836181624
4.6083312168128e-05,-0.00022568854653856
0.000126868066065672,-0.000188510884489317
0.000195771582125237,-0.000112286189659107
0.000245603519741338,-3.37652262021683e-05
0.00027055745072007,1.09655615660629e-05
0.000256013167545501,-6.10481207783373e-05
0.000187855791790218,-0.00013808280228158
8.02756539645285e-05,-0.000100694365852846
-4.46415386740718e-05,-3.60208887745077e-05
-0.000141641043777986,-8.12171780522105e-05
-0.000223244626419078,-0.000173925254281149
-0.000279720641541178,-0.000259303814411739
-0.000303614253342393,-0.000287436031718485
-0.00029735285460068,-0.000251243631680264
-0.000270346541326755,-0.000176030579334555
-0.000224321858544151,-8.1100841736631e-05
-0.000162762202412032,7.73222261675732e-06
-9.07806238480537e-05,5.83825083082895e-05
-1.45869240929689e-05,7.45566555056428e-05
5.98585261506849e-05,8.13369925629285e-05
0.000127243075237673,0.000106590663906953
0.000179015132258255,0.000154150592793672
0.000218162916176881,0.000200942556779959
0.000242278738803788,0.000230057232049143
0.000249694923121643,0.000230627746928726
0.000237642197546407,0.000194351268160989
0.000205063302309674,0.000131960725202233
0.000154330021574635,6.39012707262902e-05
8.95539412415611e-05,1.45312075181525e-05
1.65787521608215e-05,2.35855915816953e-05
-5.83054229862957e-05,4.3716125599381e-05
-0.00012966236796913,1.73343977803518e-05
-0.000192922358182063,-5.21567332357201e-05
-0.000236695581275898,-0.000115309458883748
-0.000269490558516971,-0.000168493252715752
-0.000289420682470393,-0.000198677153070664
-0.000295150558674635,-0.000197879182598367
-0.000288740688134697,-0.000172482036323912
-0.000272347441519521,-0.000128161525922447
-0.000246412433349083,-7.08335646331216e-05
-0.000211792741664813,-8.54208016855967e-06
-0.000169742914416318,4.93684963588394e-05
-0.00012190862389447,9.39585983734426e-05
-7.01924383279033e-05,0.000118360856323236
-1.66932006575385e-05,0.000118594930270291
7.54834763758605e-05,0.000121318788782675
0.000157530359213006,0.000168650671757539
0.000221676852377532,0.00023964397067662
0.000261578582548395,0.00029467910565875
0.000272213152741624,0.000289752060157613
0.000247898211790851,0.000221458712949163
0.000191170038334392,0.000118752455985753
0.000109400258570949,3.17533991741921e-05
3.98883335621221e-05,2.17876533569599e-05
-3.13286822478841e-05,3.00141897267814e-05
-9.93875670630015e-05,1.37778485734876e-05
-0.000160139170509944,-3.40527356033604e-05
-0.000209978167851219,-9.4536037815351e-05
-0.000245498609784341,-0.000145682973749598
-0.000264104280010314,-0.000169838349515586
-0.000264156718703033,-0.000157917138226909
-0.000247060564426556,-0.000114854950836259
-0.000214177971267293,-5.2640292528451e-05
-0.000167328043364732,1.28987734215049e-05
-0.000109393108281034,6.4046927722035e-05
-4.4290234266922e-05,7.51712294504629e-05
2.36416116053213e-05,6.91240963575069e-05
9.04591127307441e-05,8.14087035743077e-05
0.000152711321513129,0.000123402757465399
0.000217591366447848,0.000199716960052088
0.000266138745957808,0.000271308963484887
0.000294226071038462,0.000309301703970021
0.000299114157891156,0.000296692048006995
0.000282560196222155,0.000239339503346153
0.000246948047100642,0.000154100596729313
0.000194717142296757,6.26503621915394e-05
0.000129820233969024,-1.09785070086306e-05
5.76210201936706e-05,-3.55753292961409e-05
-1.59921506088151e-05,-3.51434165382713e-05
-8.57313853547786e-05,-4.7770613940792e-05
-0.000147091224137297,-8.63018236673493e-05
-0.000211045789081224,-0.000158179477462047
-0.000243488066675739,-0.000197081956916247
-0.000239521817791596,-0.000172675318693222
-0.000198890680288648,-9.52692072677702e-05
-0.000114904905712037,-1.76182868567713e-05
-6.6122109290041e-06,2.97661377500166e-05
0.000107440591411724,7.9011456412638e-05
0.000209078922060048,0.000167136055119302
0.000272045980741189,0.000264098106519572
0.000308394132084146,0.000318269009437001
0.00031334704573894,0.00029908607718693
0.000285520947524647,0.000208804206429884
0.000249301797955131,0.000123707573215066
0.000201206928919172,3.84518205388944e-05
0.000143991667144528,-3.07060324574668e-05
8.10767677567833e-05,-7.09265097172625e-05
1.65031272875879e-05,-6.40984504789163e-05
-4.5868999269268e-05,-4.62454844792057e-05
-0.000102863083349139,-5.71756510100983e-05
-0.000151932377124075,-9.52065524141078e-05
-0.000188210756769989,-0.000133057707827263
-0.000214259166593474,-0.000164083834256784
-0.000228836555657365,-0.000179645522334482
-0.000231136991291557,-0.000175022827317314
-0.000219862946975455,-0.000147760915347928
-0.000194890359271584,-0.000104239843512362
-0.000157402217224856,-5.51186728335107e-05
-0.000109375679710744,-1.35118568347082e-05
-5.35629311324989e-05,1.83439829551665e-06
6.78878133936286e-06,6.58838194392664e-07
6.85529504226175e-05,6.04403708275766e-06
0.000128854899657817,3.48207616892614e-05
0.000195115355202455,0.000103503472470683
0.000251430028740315,0.000186233056649642
0.000294033343396673,0.000258758432974406
0.000319808177092868,0.000299240580223467
0.000326495121843258,0.000292062952333579
0.000313472224352519,0.000237823338636397
0.000281204027875947,0.000147651572052022
0.000231729308512288,4.25742238376621e-05
0.00016847169644491,-5.62733022746066e-05
9.66403285211566e-05,-0.000109108381506973
2.20362235570047e-05,-0.000103188499633499
-4.96685221799975e-05,-8.40077322318669e-05
-0.000107413631324241,-0.000101909344914551
-0.000156299432363218,-0.000137877518139663
-0.000193884805126902,-0.000176664548953712
-0.000218151423173978,-0.000204149336128387
-0.000227484356394544,-0.000205754696232852
-0.000211547438874563,-0.000168743834606808
-0.000171450401394961,-0.00010704073852618
-0.000110872278281557,-4.8132078320489e-05
-3.61201144748765e-05,-4.27781504514642e-05
4.5020625729789e-05,-5.27742236834785e-05
0.000125346734204393,-2.11754143554642e-05
0.000198482246672311,5.71711941733729e-05
0.00025272480938131,0.000140221906893572
0.000292840491868122,0.000209987523863952
0.000315757335423097,0.000245283975300377
0.000319395515745465,0.000234109196823451
0.000310593878032069,0.000199794852554202
0.000292914779538044,0.000148045740928578
0.000266806027840297,8.46050603459059e-05
0.000233047618796164,1.67735908054806e-05
0.00019273594306336,-4.72421896905363e-05
0.000147273792658965,-9.96691551821107e-05
9.82690911893803e-05,-0.000134415429257819
4.74886749272937e-05,-0.00014769188447244
-4.56474076876677e-05,-0.000148909858338495
-0.000128745806217776,-0.000172725124575786
-0.000193740161386963,-0.000227633926354468
-0.000234408819292032,-0.000279332602429862
-0.000246419238623314,-0.000284419493736913
-0.000238101536258903,-0.000253860789763896
-0.000209820088898936,-0.000195158863670163
-0.000163598425340755,-0.000126464124790034
-8.83270159880153e-05,-7.51373781064776e-05
-1.47785358422706e-06,-5.46203788160868e-05
8.71338382814801e-05,-3.06793606690077e-05
0.000168327449412172,2.61670558085041e-05
0.000232972958056591,0.000113486568025998
0.000276127530349893,0.000182105480329123
0.000292887444504641,0.000199504183186891
0.000280718050533893,0.000154965500542505
0.000252689988375777,8.80380626505275e-05
0.000210011068258288,1.01239859184684e-05
0.000155182731424448,-6.05477616155661e-05
9.16594201015967e-05,-0.00010692646023999
2.38136624157272e-05,-0.000104209426514407
-4.3929119192672e-05,-8.84936127392731e-05
-0.000107806517628166,-0.000103343076877511
-0.000164704295584498,-0.000150164060649883
-0.000208979403667773,-0.000201459346010756
-0.000242673237913423,-0.000246857047009396
-0.000264071801448921,-0.00027407860256062
-0.000271954696421215,-0.000275206768319675
-0.000268141608682978,-0.000255554952185726
-0.000255421747233715,-0.000219902020719445
-0.000234120959986488,-0.000172549531934155
-0.000204891916853283,-0.000119633062911757
-0.000168703985311364,-6.85328255821854e-05
-0.00012684482813983,-2.67156139415614e-05
-8.0829579364392e-05,-3.75300263397488e-07
-3.23599125597702e-05,6.22369945758723e-06
5.88437004045719e-05,8.32118943527873e-06
0.000142680996725534,4.67255312679777e-05
0.000210805250621138,0.000119401835845112
0.000256322817196209,0.000188859715901231
0.000273605894686384,0.000206959945066103
0.000264954016620966,0.000173489332019229
0.000230529392556128,9.8282150398897e-05
0.000173236288482476,9.20189869638925e-06
9.05253553028793e-05,-4.67518314796634e-05
-2.33659984610481e-06,-6.78734723877942e-05
-9.47442716901822e-05,-9.50942714745311e-05
-0.000177050171461449,-0.000155233275028136
-0.00024337912345972,-0.000243310609368127
-0.000281700670250686,-0.000296021681514423
-0.000286877565849956,-0.000279849476836462
-0.000257543107590985,-0.000196579588666978
-0.000216355889079107,-0.000113696527679322
-0.00016144804177568,-3.63513927762212e-05
-9.67120930444408e-05,1.55602459349241e-05
-2.69134419822915e-05,2.84199637326387e-05
4.27213273574563e-05,2.29936055378018e-05
0.000107850938310827,3.94755315359824e-05
0.000164745477758663,8.29511591658237e-05
0.000210157937506627,0.00013831018616414
0.000245491995844957,0.000186175957475976
0.000256843913944377,0.000193125720755645
0.000242603842201589,0.000152827278428079
0.000203582180533801,7.93884802513569e-05
0.000179930702818795,4.51109962590513e-05
0.000152718839975556,1.32032353077206e-05
0.000122451828754316,-1.3569422096978e-05
8.97072422069179e-05,-3.27299745520175e-05
5.51233591349208e-05,-4.24554508458379e-05
1.93960806503269e-05,-4.15566378210507e-05
-1.67958912521038e-05,-3.38478460243383e-05
-5.2826596909554e-05,-2.9975906724312e-05
-9.03455033738109e-05,-3.96516745835273e-05
-0.000126485711218261,-6.04617518238289e-05
-0.000160659085484717,-9.01456574610005e-05
-0.000192295052760917,-0.000125816398042876
-0.000266667876803962,-0.000236218536422204
-0.000301016783769687,-0.000281586352097152
-0.000288429194647839,-0.000221821940789558
-0.000229784282506992,-8.65471157629792e-05
-0.000130076218523807,2.46902062570835e-05
-1.17971659588223e-05,8.51341363906055e-05
0.000103131708921282,0.000133853275325844
0.000194851414881351,0.00020239564497937
0.000240618861284586,0.000259381277694902
0.000255563777082227,0.000266807740801852
0.000237356988202975,0.000214143298465651
0.000187719372811831,0.000124335287886943
0.00010622412049692,5.32467662772596e-05
8.38331224311243e-06,1.7682338930855e-05
-9.1969245527614e-05,-1.53725180627601e-05
-0.000181720930428472,-8.13092021102123e-05
-0.000242921488392784,-0.000166842932651064
-0.000280555610812834,-0.000224003597165177
-0.000290135270769566,-0.00022352618108099
-0.000269866257202094,-0.000161546604646883
-0.000236697070861912,-8.88648366685871e-05
-0.000190020888159976,-1.2306236483812e-05
-0.000132636451337501,5.03928610455192e-05
-6.81779783108545e-05,8.4274736502334e-05
-1.02160607075737e-06,7.55584832578118e-05
6.46902783917521e-05,6.4050028877051e-05
0.000125482674908808,8.62833692166123e-05
0.000178460849319662,0.000137495836665212
0.000219737966583596,0.000189021640859383
0.000249166487416544,0.000229363746390609
0.000265087342901913,0.000246929231561409
0.000266446253655115,0.000235798842020662
0.000257436283975389,0.000208013502745304
0.000239911454915561,0.000167146804016169
0.000214356772736598,0.000118373714392269
0.000181565417121506,6.81855086825194e-05
0.00014262302981014,2.37951585622942e-05
9.88957724910399e-05,-8.09108701531387e-06
5.19354076642995e-05,-2.23805311112023e-05
3.43592826674007e-06,-1.61481080847197e-05
-8.73410926750009e-05,-1.99510424225473e-05
-0.000168576473120531,-7.8646169681101e-05
-0.000232332846604223,-0.000159413834477585
-0.000271919192540088,-0.000219909915447971
-0.000282215936242487,-0.000228411176951613
-0.000279140659035103,-0.000208536070779524
-0.000262580779311914,-0.000162956726980216
-0.000233141773750675,-9.98926892757153e-05
-0.000192147405934412,-3.18701759449879e-05
-0.000141712215223565,2.66001290683785e-05
-8.45079676347932e-05,6.32000686128031e-05
-2.36618717979925e-05,6.96630126333921e-05
6.81432742697155e-05,7.21377271325858e-05
0.0001513512104678,0.000116056723042892
0.00021795238917889,0.000189230529978252
0.00026133838470463,0.000252866754451384
0.000276491725304408,0.000261903433620128
0.000261904201487674,0.000212745731760928
0.000218525591255086,0.000122276083396479
0.000150871434129613,2.77832096619873e-05
6.14455134659508e-05,-5.15323176497951e-06
-3.3887667271724e-05,-7.98594429717503e-06
-0.000123761560776442,-4.45879297490197e-05
-0.000198462775669192,-0.000120159105770294
-0.000245557512335233,-0.000186234898004781
-0.000269391515539641,-0.000216476504713085
-0.000267171735938715,-0.000194586949619557
-0.000238495234748521,-0.000126273155079394
-0.000199152179023588,-5.688366307883e-05
-0.000147431742419398,6.82679443831627e-06
-8.65769100468567e-05,4.81410807759136e-05
-2.05611372055863e-05,5.50621386966436e-05
4.62533041667609e-05,4.89445092699854e-05
0.00011023394987971,6.71602884344254e-05
0.000168183245469156,0.000113167729518226
0.000217209025612713,0.00017427697740695
0.000266043046082812,0.000246209335487789
0.000286443096385912,0.000266739586252419
0.000275410882124388,0.00022050009077232
0.000233504010380842,0.000123877747291108
0.000210715932232203,8.32927936323667e-05
0.00018458839962066,4.42537802797038e-05
0.000155571347975007,9.36697267827236e-06
0.000124177973210218,-1.89990924887416e-05
9.09712050144162e-05,-3.86714259198188e-05
5.65765985270902e-05,-4.78974865923148e-05
2.16320456973343e-05,-4.71744152270295e-05
-1.32468115358511e-05,-3.97416304303207e-05
-4.52382794390407e-05,-3.59763160511791e-05
-7.62924863559726e-05,-4.09766847163922e-05
-0.000106053782090551,-5.3646532189639e-05
-0.000134174813860767,-7.25215436397008e-05
-0.000215687003409166,-0.000163794071169391
-0.00025953505686743,-0.000221127342433908
-0.000257673082791467,-0.000193653702360002
-0.000209296445599175,-9.38924351161063e-05
-0.000112982693706612,-8.60968847945347e-06
7.33168482220501e-06,4.25310569330385e-05
0.000127959920908893,0.000107955926716863
0.000226741383138867,0.000207220572044732
0.000279351407655652,0.00028545113719986
0.000294713218929222,0.000290669709449571
0.000269626805032331,0.000210520160923247
0.000206959704642612,8.28914095235192e-05
0.000114876784479906,-6.07172794434623e-06
9.53993629990897e-06,-4.82582688489883e-05
-9.31712439559135e-05,-8.32172075630364e-05
-0.000178931924955592,-0.000142881501794132
-0.000231310491997553,-0.000208645883998151
-0.000254862591392552,-0.000233749620053804
-0.000246296780150369,-0.000199379750240656
-0.00020599758513575,-0.00011898580357251
-0.000180425662168684,-8.08084845460739e-05
-0.000150525276978304,-4.54559393659152e-05
-0.000116980507898247,-1.65984802549101e-05
-8.05803551881425e-05,2.54911544592241e-06
-4.22124303016881e-05,8.06015363244831e-06
-2.80860565732341e-06,3.98807697369591e-06
3.67621810567209e-05,-5.53638763636417e-07
7.57178527695537e-05,3.57034456925833e-06
0.000120813045981711,2.60130474733144e-05
0.000162865986659966,6.23576654601856e-05
0.000200766769490932,0.000107028091677251
0.000233471770621214,0.000153578460023191
0.000287540436824385,0.000236090742441166
0.000289283455125874,0.000213672458474737
0.000236480224265164,9.01056860912577e-05
0.000138596465659297,-5.00302016221942e-05
6.65183554880448e-05,-8.06863251972181e-05
-8.47583907209149e-06,-8.45218774059166e-05
-8.09735437724892e-05,-9.64634360439646e-05
-0.00014626003974234,-0.000134089001138319
-0.000200325591622931,-0.000191653767130776
-0.000239576651994781,-0.000242693601311172
-0.000261213407491249,-0.000267465581063819
-0.000263459020828319,-0.000255252785655479
-0.000229579546018573,-0.000151699460321773
-0.000157673450965393,-6.3640753911769e-05
-6.05884025182568e-05,-7.23983464350939e-05
4.51261676815597e-05,-0.000111838473033942
0.000133519957131468,-7.06771771200518e-05
0.000205335798306249,8.85798022173122e-06
0.000251913914779084,7.82680913538353e-05
0.0002668802540461,9.74297245906372e-05
0.000254049332628353,6.2643798488335e-05
0.000219902932040502,-2.38125423836501e-06
0.000166732939608661,-7.57737579244891e-05
9.87140130379846e-05,-0.000130976537039963
2.18962078004568e-05,-0.000125261279686028
-5.71325586970079e-05,-0.000106398768250196
-0.000132664938920575,-0.00013388838821595
-0.000199908493147091,-0.000205658917710674
-0.000246902270154372,-0.000271712861487207
-0.000282466660566871,-0.000326648716399735
-0.00030461730186194,-0.00035609953519538
-0.000311958317180622,-0.000351258724655259
-0.000300729373140256,-0.000298885580805041
-0.000268581069594986,-0.000209897054015164
-0.000217816987273188,-0.000106949531344359
-0.0001525309296228,-1.72829738160573e-05
-7.84607972710606e-05,2.55901652700854e-05
-2.17917901151613e-06,3.57356307131569e-05
7.02485223223563e-05,4.53695975857631e-05
0.000133587703768527,7.54102668557671e-05
0.000186047594587311,0.000126738990099391
0.000219105135296458,0.000165491936173358
0.000229745848384618,0.000171454460375047
0.00021665640312807,0.000139585298326441
0.000202747833317336,0.000114620631808217
0.000184155324846086,8.61812737535148e-05
0.000161215053371003,5.69812480825172e-05
0.00013436525612989,2.99634333165002e-05
0.000104140526156007,8.11636038916831e-06
7.11649421396386e-05,-5.76968235276221e-06
3.61278170226639e-05,-9.49353532103865e-06
-2.27801542790145e-07,-1.67536693186579e-06
-7.01567201884642e-05,2.37232811540076e-06
-0.000138209494003936,-3.47361736351384e-05
-0.000200656527932641,-0.00010260429960806
-0.000253940809938091,-0.000183304130143717
-0.000307085930821939,-0.000275623927195874
-0.000328542954729736,-0.000297981051262591
-0.000314547534162842,-0.00023252760603144
-0.000265870688642048,-0.000102877816841198
-0.00021687813978111,-8.67443689674189e-06
-0.000157954690445701,6.98844821174056e-05
-9.27595339627095e-05,0.000117940126054565
-2.54406058891814e-05,0.000127604381994609
3.96934290588744e-05,0.000120946637562335
9.91943714288263e-05,0.000132007532777332
0.000150161138025576,0.00016418052540277
0.000190122927173341,0.000204987961430001
0.000220561140575429,0.000238305069646991
0.000229768947432946,0.000239801881826829
0.000216721212550277,0.000205526224178253
0.000182231638131451,0.0001466288813608
0.000158382062594758,0.000115893321984681
0.000130557529677194,8.80565378071454e-05
9.93538131896332e-05,6.62148628625938e-05
6.54558351749942e-05,5.31100743262214e-05
2.96387455873459e-05,5.2986376329046e-05
-7.29570432720519e-06,5.96419494696593e-05
-4.46124714338167e-05,6.27241564893574e-05
-8.165203529121e-05,5.56677448083816e-05
-0.000137294463238102,2.15718782573611e-05
-0.000188584029891619,-3.28275129980969e-05
-0.000233396330786722,-9.67877450596828e-05
-0.000269771232223361,-0.000157872735566221
-0.000310615874671074,-0.000222412501123549
-0.00030214080003869,-0.000177049043190327
-0.000243850187657831,-4.07253611521647e-05
-0.000145375538811528,0.000103063654747399
-7.18578769899138e-05,0.000138142807871902
3.9611650049172e-06,0.000143976073130099
7.66743566757091e-05,0.000154200104239212
0.000141608278618856,0.000187720936453168
0.000194848837720436,0.000240611712452679
0.000232952385611117,0.000286449050211223
0.000253279104622901,0.000306301181183382
0.000254225945485783,0.000290509599635647
0.000234834566390296,0.000238558689161818
0.000196217560906159,0.000167362344228431
0.000141317923859605,9.90050999649614e-05
7.46313390690412e-05,5.63272372325815e-05
2.08187904072626e-06,6.43088723163166e-05
-7.03901653706289e-05,7.52906129728184e-05
-0.000137697121917553,4.35989363915018e-05
-0.000195547126136268,-2.32681471420546e-05
-0.000236774705401138,-8.35730792839699e-05
-0.000264295033563195,-0.000127000241963042
-0.000276140245206411,-0.00014071357110441
-0.000271177556702664,-0.000119823198707333
-0.000256342421561217,-8.34704996055177e-05
-0.000232361532378205,-3.51107484555534e-05
-0.00019996501485818,1.82226422378023e-05
-0.000160250059546518,6.8466024664939e-05
-0.000114612109877579,0.000110827040606714
-6.48666563411036e-05,0.000128377105408617
-1.29802655587325e-05,0.000116549070644526
3.91284866977894e-05,0.000100740475241881
8.58171483506877e-05,0.000108569634932067
0.000130246175230079,0.000133130771653789
0.000171353511264418,0.000170018536845146
0.000208123500124921,0.000213582769033587
0.000272277177236801,0.000306613471088822
0.000297301420164982,0.000329069932090661
0.000278404355004725,0.000255797483747187
0.000217747973841574,0.000121965031059828
0.000122302744021366,2.10933083122621e-05
1.14592149457594e-05,-3.00113842087947e-05
-9.59820564076943e-05,-7.06204012276529e-05
-0.00018307952321788,-0.000132695973205871
-0.000230653447463089,-0.000192240235949729
-0.000247806010000534,-0.000206678407614477
-0.000231834548085177,-0.000162682443425666
-0.000184045177376572,-8.04374116194869e-05
-0.000102611744589664,-1.49777189584174e-05
-3.34472031180287e-06,1.84895279965565e-05
9.96477110091715e-05,5.56563456045439e-05
0.000192854492679549,0.000130627578233653
0.000259244496914501,0.000228361029750717
0.000299987975563479,0.000291522256886803
0.000309854233369942,0.00028567310994989
0.000286868547474187,0.000207639301315067
0.000252797222131212,0.000125753793290243
0.000205891180088399,4.04123716480452e-05
0.000148901024475521,-3.10779084040936e-05
8.53378057945137e-05,-7.43711921395077e-05
1.9425018028748e-05,-6.93608553767849e-05
-4.47400801786779e-05,-5.23102250003647e-05
-0.000103755520111338,-6.42580172351846e-05
-0.000154872752125103,-0.000104387940295847
-0.000193017955244364,-0.000145250686229115
-0.000220594245734236,-0.000179053502518831
-0.000236237061423369,-0.000196253786418866
-0.000239051982006962,-0.000191549407656991
-0.000229340673605376,-0.00016583767574721
-0.000207739281504126,-0.000124561136222333
-0.000175110485760692,-7.60309316049303e-05
-0.000132914763681818,-3.07550244921799e-05
-8.31585398956563e-05,1.6820049651776e-07
-2.83843308225677e-05,9.28124070450789e-06
2.87794308902943e-05,3.42377077184469e-06
8.5817019642217e-05,7.48070447073024e-06
0.00013497212852102,3.71162313172906e-05
0.000180813869675182,8.27654116040328e-05
0.000221933006854537,0.000137304854936841
0.000257007106519421,0.000192427925624142
0.000308931487244115,0.000275959368344693
0.000310880191124728,0.000248547033838977
0.000260634732004929,0.000115082206768433
0.000166642713448633,-4.36054908585902e-05
9.01745143608366e-05,-9.63446932189425e-05
1.005364344061e-05,-0.000112511303017147
-6.70415842100527e-05,-0.000122206587851463
-0.000135260412953164,-0.00015171359983844
-0.000177455452755264,-0.000190439857637788
-0.000210287167580317,-0.000227708738677709
-0.000232324065010425,-0.000253208561660361
-0.000242511056381644,-0.000259717963544662
