0
0.028782877461406
0.057565754922812
0.086348632384218
0.115131509845624
0.14391438730703
0.172697264768436
0.201480142229842
0.230263019691248
0.256314557650856
0.282366095610463
0.308417633570071
0.334469171529678
0.352581894070578
0.370694616611477
0.388807339152376
0.406920061693276
0.425032784234175
0.443145506775074
0.461258229315974
0.479370951856873
0.502842375011985
0.526313798167097
0.549785221322209
0.573256644477321
0.597088921123687
0.620921197770054
0.64475347441642
0.668585751062786
0.690502508787644
0.712419266512501
0.734336024237358
0.756252781962215
0.785677689495297
0.815102597028379
0.844527504561462
0.873952412094544
0.89779939961418
0.921646387133816
0.945493374653453
0.969340362173089
0.992184373848724
1.01502838552436
1.03787239719999
1.06071640887563
1.0739307248379
1.08714504080018
1.10035935676245
1.11357367272473
1.126787988687
1.14000230464928
1.15321662061155
1.16643093657383
1.17731894413955
1.18820695170528
1.19909495927101
1.20998296683673
1.24365318170453
1.27732339657234
1.31099361144014
1.34466382630794
1.36238590929773
1.38010799228751
1.39783007527729
1.41555215826707
1.43327424125686
1.45099632424664
1.46871840723642
1.48644049022621
1.51152099755618
1.53660150488616
1.56168201221614
1.58676251954612
1.62259288335261
1.65842324715909
1.69425361096558
1.73008397477207
1.76063893216893
1.7911938895658
1.82174884696266
1.85230380435952
1.88239966902928
1.91249553369903
1.94259139836879
1.97268726303854
2.00326535660913
2.03384345017972
2.06442154375031
2.0949996373209
2.12427048136122
2.15354132540154
2.18281216944186
2.21208301348218
2.23610067578007
2.26011833807796
2.28413600037585
2.30815366267374
2.32964492278481
2.35113618289588
2.37262744300696
2.39411870311803
2.41664267114481
2.43916663917159
2.46169060719838
2.48421457522516
2.50188969885663
2.5195648224881
2.53723994611956
2.55491506975103
2.5725901933825
2.59026531701397
2.60794044064544
2.62561556427691
2.64285502689207
2.66009448950723
2.67733395212238
2.69457341473754
2.7118128773527
2.72905233996786
2.74629180258302
2.76353126519818
2.78743607321758
2.81134088123698
2.83524568925638
2.85915049727577
2.87958234833059
2.90001419938541
2.92044605044022
2.94087790149504
2.95659222159327
2.9723065416915
2.98802086178974
3.00373518188797
3.0194495019862
3.03516382208444
3.05087814218267
3.0665924622809
3.08206871997175
3.0975449776626
3.11302123535345
3.1284974930443
3.15345493956628
3.17841238608826
3.20336983261024
3.22832727913222
3.24608897229323
3.26385066545423
3.28161235861523
3.29937405177624
3.31713574493724
3.33489743809825
3.35265913125925
3.37042082442025
3.39491293185431
3.41940503928837
3.44389714672242
3.46838925415648
3.49179967164566
3.51521008913484
3.53862050662401
3.56203092411319
3.58733230795577
3.61263369179834
3.63793507564092
3.66323645948349
3.68059683526383
3.69795721104417
3.71531758682451
3.73267796260485
3.75003833838518
3.76739871416552
3.78475908994586
3.8021194657262
3.82747254054516
3.85282561536411
3.87817869018307
3.90353176500203
3.92861853700818
3.95370530901434
3.9787920810205
4.00387885302666
4.02721620803262
4.05055356303858
4.07389091804454
4.09722827305049
4.11585976893781
4.13449126482512
4.15312276071243
4.17175425659975
4.19038575248706
4.20901724837437
4.22764874426169
4.246280240149
4.26484943465075
4.28341862915249
4.30198782365424
4.32055701815598
4.3452977719229
4.37003852568983
4.39477927945675
4.41952003322368
4.43531515890501
4.45111028458635
4.46690541026769
4.48270053594903
4.49849566163037
4.51429078731171
4.53008591299305
4.54588103867439
4.56112082086418
4.57636060305398
4.59160038524377
4.60684016743357
4.62424281938076
4.64164547132796
4.65904812327515
4.67645077522235
4.69385342716954
4.71125607911674
4.72865873106394
4.74606138301113
4.77566423047694
4.80526707794274
4.83486992540854
4.86447277287435
4.88334459623542
4.90221641959649
4.92108824295756
4.93996006631863
4.95883188967969
4.97770371304076
4.99657553640183
5.0154473597629
5.02785159881215
5.0402558378614
5.05266007691065
5.0650643159599
5.07746855500915
5.0898727940584
5.10227703310765
5.1146812721569
5.13860969749501
5.16253812283312
5.18646654817123
5.21039497350934
5.22199300280119
5.23359103209305
5.2451890613849
5.25678709067676
5.26838511996861
5.27998314926047
5.29158117855232
5.30317920784418
5.31378934994636
5.32439949204855
5.33500963415073
5.34561977625292
5.37145750962423
5.39729524299555
5.42313297636686
5.44897070973817
5.46194280764927
5.47491490556036
5.48788700347146
5.50085910138255
5.51383119929365
5.52680329720475
5.53977539511584
5.55274749302694
5.57566071447259
5.59857393591825
5.62148715736391
5.64440037880956
5.67449313665689
5.70458589450421
5.73467865235153
5.76477141019886
5.79209966081587
5.81942791143287
5.84675616204988
5.87408441266689
5.88790027800849
5.9017161433501
5.9155320086917
5.92934787403331
5.94316373937491
5.95697960471651
5.97079547005812
5.98461133539972
5.9962849460366
6.00795855667347
6.01963216731035
6.03130577794722
6.04269134263798
6.05407690732873
6.06546247201948
6.07684803671023
6.08823360140099
6.09961916609174
6.11100473078249
6.12239029547324
6.13240380013259
6.14241730479195
6.1524308094513
6.16244431411065
6.18724176712697
6.21203922014329
6.23683667315962
6.26163412617594
6.27553149610389
6.28942886603184
6.30332623595979
6.31722360588774
6.33112097581569
6.34501834574364
6.35891571567159
6.37281308559954
6.39628974784706
6.41976641009458
6.4432430723421
6.46671973458961
6.47848888555421
6.4902580365188
6.5020271874834
6.513796338448
6.52556548941259
6.53733464037719
6.54910379134178
6.56087294230638
6.57164280994098
6.58241267757558
6.59318254521018
6.60395241284478
6.63151873270788
6.65908505257098
6.68665137243408
6.71421769229719
6.73313612054931
6.75205454880143
6.77097297705356
6.78989140530568
6.80880983355781
6.82772826180993
6.84664669006205
6.86556511831418
6.88469634700688
6.90382757569958
6.92295880439229
6.94209003308499
6.96122126177769
6.9803524904704
6.9994837191631
7.0186149478558
7.03619349794531
7.05377204803481
7.07135059812431
7.08892914821381
7.10761648675262
7.12630382529143
7.14499116383024
7.16367850236905
7.18236584090786
7.20105317944667
7.21974051798548
7.23842785652429
7.25688676191842
7.27534566731255
7.29380457270667
7.3122634781008
7.32456949228696
7.33687550647312
7.34918152065928
7.36148753484543
7.37379354903159
7.38609956321775
7.39840557740391
7.41071159159007
7.4344716796381
7.45823176768613
7.48199185573416
7.50575194378219
7.52541084046947
7.54506973715674
7.56472863384401
7.58438753053128
7.60404642721855
7.62370532390582
7.64336422059309
7.66302311728036
7.69006952979623
7.71711594231211
7.74416235482798
7.77120876734386
7.78123733308857
7.79126589883329
7.801294464578
7.81132303032272
7.82135159606744
7.83138016181215
7.84140872755687
7.85143729330158
7.86391398456016
7.87639067581873
7.88886736707731
7.90134405833589
7.9224114808519
7.94347890336791
7.96454632588393
7.98561374839994
8.00668117091595
8.02774859343197
8.04881601594798
8.06988343846399
8.08919706462077
8.10851069077755
8.12782431693432
8.1471379430911
8.15905963674152
8.17098133039195
8.18290302404238
8.19482471769281
8.20674641134324
8.21866810499367
8.2305897986441
8.24251149229453
8.26627274650461
8.29003400071468
8.31379525492476
8.33755650913484
8.36435581978362
8.39115513043241
8.41795444108119
8.44475375172997
8.47020810215056
8.49566245257114
8.52111680299172
8.54657115341231
8.56596150852855
8.58535186364479
8.60474221876103
8.62413257387727
8.64352292899351
8.66291328410975
8.68230363922599
8.70169399434223
8.71812239245033
8.73455079055842
8.75097918866652
8.76740758677462
8.77951388177976
8.7916201767849
8.80372647179005
8.81583276679519
8.82793906180034
8.84004535680548
8.85215165181063
8.86425794681577
8.88820167828291
8.91214540975006
8.93608914121721
8.96003287268435
8.9796342233675
8.99923557405065
9.0188369247338
9.03843827541695
9.0580396261001
9.07764097678324
9.09724232746639
9.11684367814954
9.14050680682026
9.16416993549098
9.1878330641617
9.21149619283242
9.22805078166223
9.24460537049205
9.26115995932186
9.27771454815168
9.29426913698149
9.31082372581131
9.32737831464112
9.34393290347094
9.36041339541009
9.37689388734925
9.3933743792884
9.40985487122756
9.43366444473907
9.45747401825059
9.48128359176211
9.50509316527363
9.52562165744733
9.54615014962103
9.56667864179474
9.58720713396844
9.60017601969746
9.61314490542648
9.6261137911555
9.63908267688453
9.65205156261355
9.66502044834257
9.67798933407159
9.69095821980061
9.70773568791562
9.72451315603063
9.74129062414564
9.75806809226065
9.77484556037565
9.79162302849066
9.80840049660567
9.82517796472068
9.84938265693116
9.87358734914164
9.89779204135211
9.92199673356259
9.94306050765356
9.96412428174454
9.98518805583551
10.0062518299265
10.0191451162731
10.0320384026198
10.0449316889664
10.0578249753131
10.0707182616597
10.0836115480064
10.096504834353
10.1093981206997
10.126438124164
10.1434781276283
10.1605181310926
10.177558134557
10.1945981380213
10.2116381414856
10.2286781449499
10.2457181484142
10.2696074404843
10.2934967325543
10.3173860246243
10.3412753166943
10.3619124059628
10.3825494952312
10.4031865844997
10.4238236737682
10.4367692889592
10.4497149041502
10.4626605193412
10.4756061345322
10.4885517497232
10.5014973649142
10.5144429801053
10.5273885952963
10.5462417999801
10.565095004664
10.5839482093479
10.6028014140318
10.6216546187157
10.6405078233995
10.6593610280834
10.6782142327673
10.7017621275115
10.7253100222557
10.7488579169999
10.7724058117442
10.8053804507975
10.8383550898509
10.8713297289043
10.9043043679577
10.9245927009323
10.9448810339069
10.9651693668816
10.9854576998562
11.0057460328308
11.0260343658054
11.04632269878
11.0666110317546
11.0834766582989
11.1003422848432
11.1172079113875
11.1340735379317
11.150939164476
11.1678047910203
11.1846704175646
11.2015360441089
11.2206771793131
11.2398183145173
11.2589594497215
11.2781005849258
11.2944252883472
11.3107499917686
11.32707469519
11.3433993986114
11.3597241020328
11.3760488054542
11.3923735088757
11.4086982122971
11.4294192439674
11.4501402756377
11.4708613073081
11.4915823389784
11.5155939362458
11.5396055335132
11.5636171307806
11.587628728048
11.6118194906135
11.6360102531789
11.6602010157444
11.6843917783098
11.6950346131558
11.7056774480017
11.7163202828477
11.7269631176937
11.7376059525397
11.7482487873857
11.7588916222316
11.7695344570776
11.7796352515339
11.7897360459902
11.7998368404465
11.8099376349029
11.8371899267186
11.8644422185344
11.8916945103502
11.918946802166
11.9354867747996
11.9520267474333
11.9685667200669
11.9851066927006
12.0016466653342
12.0181866379678
12.0347266106015
12.0512665832351
12.0672249928962
12.0831834025572
12.0991418122182
12.1151002218792
12.1389810506153
12.1628618793514
12.1867427080874
12.2106235368235
12.2305333430555
12.2504431492874
12.2703529555194
12.2902627617513
12.3037722172892
12.3172816728271
12.330791128365
12.3443005839029
12.3578100394408
12.3713194949787
12.3848289505166
12.3983384060545
12.415192123713
12.4320458413715
12.4488995590299
12.4657532766884
12.4826069943469
12.4994607120054
12.5163144296639
12.5331681473223
12.5574789283894
12.5817897094565
12.6061004905237
12.6304112715908
12.6516189600647
12.6728266485387
12.6940343370127
12.7152420254867
12.7281164613729
12.7409908972591
12.7538653331453
12.7667397690316
12.7796142049178
12.792488640804
12.8053630766902
12.8182375125764
12.835421587606
12.8526056626356
12.8697897376652
12.8869738126948
12.9041578877244
12.921341962754
12.9385260377836
12.9557101128132
12.9795276991222
13.0033452854311
13.02716287174
13.050980458049
13.0718714982732
13.0927625384974
13.1136535787217
13.1345446189459
13.1474572584529
13.1603698979599
13.1732825374668
13.1861951769738
13.1991078164807
13.2120204559877
13.2249330954946
13.2378457350016
13.2616341369588
13.285422538916
13.3092109408733
13.3329993428305
13.3533676505862
13.3737359583419
13.3941042660977
13.4144725738534
13.4388780252763
13.4632834766992
13.487688928122
13.5120943795449
13.5321777998847
13.5522612202245
13.5723446405643
13.5924280609041
13.6009176051381
13.6094071493721
13.6178966936061
13.62638623784
13.634875782074
13.643365326308
13.6518548705419
13.6603444147759
13.6690045719432
13.6776647291105
13.6863248862779
13.6949850434452
13.7272659629907
13.7595468825362
13.7918278020817
13.8241087216271
13.8432744934141
13.862440265201
13.8816060369879
13.9007718087748
13.9199375805617
13.9391033523486
13.9582691241355
13.9774348959224
13.9942123188826
14.0109897418429
14.0277671648031
14.0445445877633
14.0613220107236
14.0780994336838
14.0948768566441
14.1116542796043
14.1299004129695
14.1481465463346
14.1663926796998
14.1846388130649
14.1966940578419
14.2087493026189
14.2208045473959
14.2328597921728
14.2449150369498
14.2569702817268
14.2690255265038
14.2810807712808
14.3049853275892
14.3288898838976
14.3527944402061
14.3766989965145
14.3969756130302
14.417252229546
14.4375288460617
14.4578054625775
14.4780820790932
14.498358695609
14.5186353121248
14.5389119286405
14.560694068884
14.5824762091275
14.604258349371
14.6260404896145
14.6416110161765
14.6571815427386
14.6727520693006
14.6883225958626
14.7038931224247
14.7194636489867
14.7350341755488
14.7506047021108
14.7676837959775
14.7847628898442
14.8018419837109
14.8189210775776
14.827453939984
14.8359868023903
14.8445196647967
14.853052527203
14.8615853896094
14.8701182520157
14.8786511144221
14.8871839768284
14.9123596330842
14.93753528934
14.9627109455957
14.9878866018515
15.0070644742475
15.0262423466435
15.0454202190395
15.0645980914356
15.0796069273985
15.0946157633615
15.1096245993245
15.1246334352875
15.1396422712505
15.1546511072135
15.1696599431765
15.1846687791395
15.2058676416202
15.2270665041009
15.2482653665816
15.2694642290622
15.2906630915429
15.3118619540236
15.3330608165043
15.354259678985
15.384990704365
15.415721729745
15.446452755125
15.477183780505
15.5070209811407
15.5368581817764
15.5666953824121
15.5965325830478
15.6235136518477
15.6504947206477
15.6774757894476
15.7044568582476
15.7227402378397
15.7410236174319
15.7593069970241
15.7775903766163
15.7958737562085
15.8141571358007
15.8324405153929
15.8507238949851
15.8675827689495
15.8844416429139
15.9013005168783
15.9181593908427
15.9350182648071
15.9518771387716
15.968736012736
15.9855948867004
16.0008653031339
16.0161357195673
16.0314061360008
16.0466765524343
16.0591145575379
16.0715525626415
16.0839905677451
16.0964285728487
16.1088665779523
16.1213045830559
16.1337425881595
16.1461805932631
16.1701469882523
16.1941133832416
16.2180797782308
16.24204617322
16.2642352148179
16.2864242564158
16.3086132980137
16.3308023396116
16.3497561871065
16.3687100346014
16.3876638820962
16.4066177295911
16.425571577086
16.4445254245809
16.4634792720758
16.4824331195707
16.4976247521912
16.5128163848117
16.5280080174322
16.5431996500527
16.5583912826732
16.5735829152937
16.5887745479142
16.6039661805347
16.6196413020677
16.6353164236007
16.6509915451337
16.6666666666667
