0,0
7.97260162047158e-06,-2.95945653012211e-06
3.14039902796724e-05,-7.48714875429911e-06
6.91790265178081e-05,-4.47679984848943e-06
0.000119668550666453,1.86182147110251e-05
0.000180819277773005,7.57611224379281e-05
0.000250347179380262,0.000177455418753888
0.00032576014258016,0.000327621101179705
0.000404390957362943,0.000522155114383305
0.00050648125988674,0.000819698873114305
0.0006026486656247,0.00111900670360437
0.000686163053217236,0.00135988719417791
0.000750463874794664,0.0014827310459116
0.000785437256157969,0.00145657619408296
0.000799197340366513,0.0012989661330336
0.000790002533087236,0.00101760229750254
0.000757628655948153,0.000638959090886737
0.000703427849227834,0.000204532701127512
0.000630684525342528,-0.000236289138006364
0.000544062529226497,-0.000639309471441286
0.000449361109985886,-0.000971257335514321
0.000336079203735575,-0.00124573073359472
0.000231086574876732,-0.00140043047431271
0.000143016981027601,-0.00146129666515404
7.81277697817493e-05,-0.00146601975809821
4.30899593514056e-05,-0.00145575504724962
2.89891631610351e-05,-0.00144524214835092
3.46968901012183e-05,-0.00143699452345689
5.78741762365379e-05,-0.00142393082833401
0.000105308734178248,-0.00138095343053037
0.000166689426640018,-0.00128686942419304
0.000233982963001506,-0.00113603484001741
0.000298741256561376,-0.000945032776150099
0.000354011902344047,-0.000743781813039558
0.000388337910172911,-0.000594611379330506
0.000394315012268225,-0.000537065271460368
0.000367176391744858,-0.000581256918323306
0.000336876680849071,-0.000643138580030471
0.000296123979827383,-0.000719699742153921
0.000245781338528914,-0.00079923439090124
0.000187176822026074,-0.000869315163552859
0.000122031856731012,-0.000920374906273155
5.25450653140385e-05,-0.000938035828299721
-1.90395653811025e-05,-0.000926393489472972
-9.06762272218417e-05,-0.000921916635827362
-0.000147853899013446,-0.000948795491557792
-0.000203334189565048,-0.000995326388372299
-0.0002563809360389,-0.00105666554719247
-0.00030625926590823,-0.00112674228392092
-0.000404343954659332,-0.00128309662535887
-0.000473867166493571,-0.00136251891651246
-0.000508347762564509,-0.0013076633546798
-0.00050433732890537,-0.001106949702758
-0.000452871856067601,-0.000743351025167158
-0.000361443558999248,-0.000358858465080732
-0.000246669752635916,-5.98718061291758e-05
-0.000129652499245746,9.98361984323175e-05
-6.63782396219801e-05,0.000128486972158791
-1.51225924299892e-05,0.000129093279274137
2.10124732686893e-05,0.000123026257883831
4.00921388171446e-05,0.000120017187480007
4.12075828878431e-05,0.000116369755103785
2.45401706391622e-05,0.000118770574056469
-8.71881942594869e-06,0.000130057322898955
-5.65575026345089e-05,0.000134750218376784
-0.000130899619393423,9.8519612631378e-05
-0.00021798979527274,-5.49621399701958e-06
-0.000312188019256529,-0.000184259475958311
-0.000407446273997454,-0.000422650834140127
-0.000497058296406712,-0.000683510967628517
-0.000574880063124805,-0.000911214259143128
-0.000634646364202698,-0.00105170194822235
-0.000670816878382052,-0.00106277127131345
-0.000676415605929906,-0.000862811711982772
-0.000635276628952361,-0.000470731124368074
-0.000550654690776415,2.18889215168685e-05
-0.000433069169144978,0.000494919278114151
-0.000345019488245419,0.000737875125135981
-0.000255461503484569,0.00090880354362372
-0.000169932932701295,0.00100741226819397
-9.34704146692158e-05,0.00104594970994948
-3.03637689975844e-05,0.00104442005122661
1.65346105152858e-05,0.00102934805124408
4.56171215528361e-05,0.00101844600780737
5.64722797207869e-05,0.00101112957074143
5.04741399851634e-05,0.000997729532559892
3.00660588216261e-05,0.00099308285732384
-2.60406891582273e-06,0.00100297958768659
-4.487819900977e-05,0.00100865520087798
-9.37850301250421e-05,0.000985136629602097
-0.000146609802409634,0.000929111788804251
-0.000200408123658903,0.00084095812593777
-0.000252188011443967,0.000727743699436338
-0.000314649203021837,0.000554978359957425
-0.000360021033863245,0.000407237001435758
-0.000381750407545533,0.000324658853335746
-0.000375019368269145,0.000328896279474038
-0.000356187762760356,0.000373357087727692
-0.000326246756788519,0.000441079096152426
-0.000285713597112142,0.000522092255969055
-0.000235600901493074,0.000604345405298809
-0.000194704833423515,0.000656587770850544
-0.000150350732377451,0.000698368374299344
-0.000103314063705781,0.000726018967520436
-5.44453729434808e-05,0.000736821589254124
-4.68750474241222e-06,0.000725644260351831
4.51116282343942e-05,0.000711905185429817
9.42956247745831e-05,0.000716492188857722
0.000142352158969039,0.000741716821449564
0.00019379726273992,0.000784967385579906
0.000242531160568882,0.000840851989161435
0.000287843842977386,0.000903574991420159
0.000329040267518137,0.000966752160833018
0.000411988806488069,0.00108766875079796
0.00045289512502867,0.00107539186844851
0.000446227978708809,0.000898589237798674
0.000393041289411066,0.000602782791034602
0.000348652256888267,0.000433519672718295
0.000295724100360624,0.000276160612752318
0.00023689443573605,0.000144390340355537
0.000175132035301615,4.73064305516207e-05
0.000113586761286084,-1.3510810309148e-05
5.54150322792986e-05,-3.46779570833497e-05
3.45956569358958e-06,-2.37748488157314e-05
-3.99492633263535e-05,-9.63696003336075e-06
-6.85857814765523e-05,-1.26592967504877e-05
-8.93784072801234e-05,-1.91235513800968e-05
-0.000101767730826005,-2.4376889598552e-05
-0.000105380341400768,-2.55551863907088e-05
-7.23625140169958e-05,-1.79771812447913e-05
1.44212545003791e-05,3.32213758056777e-06
0.000139865482984627,7.39701863064937e-05
0.000284314227348046,0.000265639720067131
0.000399670442390154,0.000532355200155267
0.000501851076751679,0.000804494698984414
0.000579598683358841,0.000989598136705952
0.00062299959087255,0.00100907571226536
0.000626083751501103,0.000842440629989597
0.000592040470839265,0.00053057412920048
0.000523126281761251,0.000135583835424503
0.000426312013453637,-0.000259589017487756
0.000312650469934793,-0.000569992276400495
0.000195965134051711,-0.000760352396196092
8.94661911660365e-05,-0.000833199462593311
4.42731423655306e-06,-0.000826501713024448
-4.32367439279273e-05,-0.000814888485823922
-6.93231098212418e-05,-0.000808374503531899
-7.32871650050674e-05,-0.000797084657188447
-5.60072234396174e-05,-0.000782708400651883
1.03869110978732e-05,-0.000797173410004757
0.000108078379860822,-0.000770518960070821
0.000217468930686389,-0.00062079559351151
0.000318426859724942,-0.000378018861870442
0.000386534753014201,-0.000171193702587712
0.000416102874120755,-8.03863145029272e-05
0.000397664471548499,-0.000148841813940727
0.000329087149329572,-0.000339391336364144
0.000266725937351287,-0.000468776373699522
0.000191929471906434,-0.000577563717125226
0.000108775445797958,-0.000643979323499576
2.20449483447807e-05,-0.000655353889613763
-6.32900571178935e-05,-0.000650372680045909
-0.000143660076237606,-0.000680040005249396
-0.00021607211749845,-0.000743206855758155
-0.000277815778339024,-0.000820341782079713
-0.000340890639156181,-0.000898509757799687
-0.000373381543942692,-0.000899828213240496
-0.000372159838080177,-0.000804494908110151
-0.000337428852888518,-0.000630720825340804
-0.00030355858525489,-0.000513992959547917
-0.000261231505270141,-0.000399657326544416
-0.000212247932836391,-0.000298899780878642
-0.000158737473840054,-0.000220782541620171
-0.000103061003894259,-0.000169380921171779
-4.77533744602829e-05,-0.000151377052808033
4.78707653711317e-06,-0.000161249918263137
5.24809394692879e-05,-0.000170944176559329
8.78012381045207e-05,-0.000160722616706428
0.000117803102055283,-0.000142873259322531
0.000141774237704601,-0.000122597611569433
0.000159091431443047,-0.000104580187695455
0.000170027308993676,-9.16942622030932e-05
0.000171217197248888,-8.97311205582019e-05
0.000162419766066169,-9.89755912796649e-05
0.000143723376175739,-0.000116773219881258
0.000123664148042372,-0.000132456071133261
9.869491483017e-05,-0.00014698973800005
6.92507295779734e-05,-0.00015715133513666
3.58777321768708e-05,-0.000159655341137556
-7.57545474823425e-07,-0.000150226023009388
-3.99895557120236e-05,-0.000140969160481232
-8.12370931259949e-05,-0.000145570211646798
-0.000123981316670262,-0.000167642217881173
-0.000181136867563057,-0.000219847979015322
-0.000238740590987041,-0.000298060614251534
-0.000295552794402396,-0.00039804208146781
-0.000350316224088739,-0.000512836855939875
-0.000440838611109893,-0.000730368059534699
-0.000512579265716515,-0.00089728669172345
-0.000558654329856507,-0.000956034760432862
-0.000573803143951756,-0.000874262028623218
-0.000549831650741109,-0.000611365208606073
-0.000483992219164037,-0.000243365060370169
-0.000384078919547857,0.000134023890005533
-0.000263653463248289,0.00043016762992872
-0.000158474885849133,0.000567987626764229
-6.22365376188658e-05,0.000616564751107363
1.60802247240159e-05,0.000612351551326078
7.0121997114048e-05,0.000599894445938122
9.32572429180534e-05,0.000598663382285178
9.84153340550202e-05,0.000590210220714587
8.58293082075973e-05,0.000574218489287062
5.67943624898919e-05,0.000558543550515069
1.37986554106038e-05,0.000567309110297843
-3.97506638387154e-05,0.000579302109985053
-0.000100468067532073,0.000558544792207706
-0.000165081061258109,0.000493116934402227
-0.000227418339857012,0.000393469531533836
-0.000287212281936647,0.000266987572530961
-0.000341438199664847,0.000129557007328729
-0.000387152277324821,9.38673598305413e-07
-0.000434581259822356,-0.000131993441241959
-0.000446895920959055,-0.000140005190629414
-0.000419376676287598,-1.38976192260182e-05
-0.000352479033094597,0.000201989937910843
-0.000288097066875364,0.000355461231957101
-0.000212066867234921,0.00048394285111762
-0.000128746170078116,0.000566483040101471
-4.3094103995985e-05,0.00059234972430536
3.97305630938733e-05,0.000586548741370495
0.000115864322630693,0.000598711473433082
0.000182234654311088,0.00064106192447329
0.000236295389521068,0.000696961433571617
0.000277261882906889,0.000737448180971843
0.000300213687381585,0.00074268784115336
0.000303889355636567,0.000703896433444834
0.000288109672163608,0.000624511186103442
0.000267365436116871,0.0005563761651933
0.000239145010125974,0.00048327722815414
0.000204351905222874,0.000412247547878477
0.000164132656233249,0.000350212781173742
0.000128971276647824,0.000311373516880328
9.19848412194868e-05,0.000284757101718152
5.39892854967538e-05,0.000271894076526462
1.58247500620307e-05,0.000273326327255543
-2.16805109662973e-05,0.00028104015082162
-5.78720861007504e-05,0.000281415058619041
-9.2190043699505e-05,0.000270073752509672
-0.000124124583813595,0.000248282248170217
-0.000167938237698054,0.000203092598710932
-0.000203012245919288,0.000154654683064333
-0.000227766738545593,0.000114298918803808
-0.000240902192163304,9.09309507217552e-05
-0.000237170833168508,9.85261473123735e-05
-0.000205112524130972,0.000147765995216301
-0.000146518513904098,0.000213219144141606
-6.6219915071763e-05,0.000256449440917395
2.80708776801413e-05,0.00025141456919432
0.00012848902988562,0.000273223793003747
0.00022811479707053,0.000373909994962807
0.000320588335531074,0.000536833080856845
0.000402836741028888,0.000710199108652045
0.000463462040443137,0.000827387408404798
0.000496591033071411,0.000841126826927811
0.000498300027271579,0.000732478868118143
0.000461251616358188,0.00048167734514878
0.00038709023788616,0.00017229974692004
0.000285050664807803,-0.000110916617022109
0.000168985176960472,-0.00030032873939108
9.30789600928613e-05,-0.000352243384607526
2.30306863642159e-05,-0.000363604308677926
-3.73609640952341e-05,-0.00035988718598188
-8.52226787821914e-05,-0.000361677565860535
-0.000118602976909479,-0.000372581435395997
-0.000136115400980012,-0.000376611497935519
-0.000137037565300035,-0.00036720079197274
-0.000121459572381399,-0.000345655700712798
-7.58623116354945e-05,-0.000317101026396133
-7.56295370130943e-06,-0.000302018215359632
7.61551396557459e-05,-0.000283555826301327
0.000167408072086594,-0.000217850498547658
0.000258396103256877,-7.27288620442976e-05
0.000341619900042428,0.000110653864667994
0.000409641356542718,0.00028385885878908
0.000455616474285241,0.000395022977372475
0.000473804957135207,0.000389337969552775
0.000450105206921487,0.000239001156771553
0.000384924429572324,-1.18843094731786e-05
0.000285167397241196,-0.000278305899052335
0.000200190734369689,-0.000425394490116104
0.000110494988642821,-0.000500618174103615
2.25514113769054e-05,-0.000500901935152488
-5.78579823226505e-05,-0.000482204516289615
-0.000126337665583806,-0.000504339178276104
-0.000179896359934061,-0.000540613450522987
-0.00021591350503971,-0.000566883141484057
-0.000232486080585994,-0.000566177850659844
-0.000230161110440402,-0.000536878783193832
-0.000212177120883557,-0.000485624999047705
-0.000179561532095127,-0.000422943157954887
-0.000134248999723619,-0.000363579361290749
-7.90401480820089e-05,-0.0003262705979416
-1.7508581561957e-05,-0.000314260302111862
4.67634708199101e-05,-0.000312178871326
0.000110450211182341,-0.000291270099029087
0.000165719256432459,-0.000238550551952239
0.000216072552398645,-0.000167074185859021
0.000259526732853032,-8.8973752614201e-05
0.000294220949216594,-1.74650954934426e-05
0.00033021170526211,5.59570310176993e-05
0.000320976524958956,1.82682181488437e-05
0.000264738407018928,-0.000113748107639235
0.000167680325801033,-0.000264006366270901
8.91256562636553e-05,-0.000312452093634827
4.67697009412231e-06,-0.000326495410148045
-8.05672826127917e-05,-0.000340215234531072
-0.000162145910503188,-0.000385701320238156
-0.000236309552644666,-0.000472593423623416
-0.000299559379296616,-0.000569712331369667
-0.000348624206796199,-0.00064924463377048
-0.000380681207277539,-0.000687133141514063
-0.000392306361512866,-0.000676851151195319
-0.000392058047724422,-0.000630492450998673
-0.000379771382205286,-0.000551115781919148
-0.000355769594975686,-0.000446323149425529
-0.000320874715265298,-0.000327417771410298
-0.000276472258918934,-0.0002079855063441
-0.000224399823509742,-0.000100941787178972
-0.000166899076390689,-1.71780712145324e-05
-7.55004931248871e-05,3.60039713778049e-05
1.30899327315513e-05,4.40170505209022e-05
9.12429634282308e-05,6.17789069054227e-05
0.000153055405597102,0.000102884400981847
0.00019421912188621,0.000144687302032845
0.000210746202644662,0.000158278990915167
0.000200792761223667,0.000133138518468875
0.000164704469121014,7.96661018040655e-05
8.46340823336335e-05,3.63121547995502e-05
-2.12234794341442e-05,1.01023332645489e-05
-0.000138794404363097,-5.60336404445583e-05
-0.000254242325886372,-0.000199458109856817
-0.000348535915938602,-0.00038982872035472
-0.000419461895464923,-0.000544384713628823
-0.000458323264205555,-0.000595110463944563
-0.000459139519261187,-0.000509364357705118
-0.000437354493133102,-0.000380511217565048
-0.000398500289366993,-0.00021524850126955
-0.000344416624230458,-3.70979363420261e-05
-0.000278053093746879,0.000128767778160162
-0.000203289644982466,0.000259458679814482
-0.000124832921073927,0.000337819930428036
-4.74673911996201e-05,0.000362547064235501
2.43392498189022e-05,0.00035434064960225
8.59556259581641e-05,0.000358400979674612
0.000136167645503025,0.000381632910631239
0.000172995094371147,0.000406751479115809
0.000194864560606743,0.000419640401465928
0.000200856357409877,0.00041438867110328
0.000196021964517434,0.000394259651729871
0.000180525351424289,0.000361962281934868
0.000154942698933866,0.000323261003491479
0.000131110245126237,0.00029628105688721
0.000103155913900186,0.000273457463194449
7.1671743290976e-05,0.000257934275418376
3.73390126570947e-05,0.000252513436581048
9.37295447642359e-07,0.000261162207673457
-3.67899644214845e-05,0.000270459991029532
-7.52124329498327e-05,0.000265841668897284
-0.000113784685537817,0.000244703869789939
-0.000160977337955734,0.000201061046131208
-0.000206517038880922,0.000140442267614037
-0.000249348453710988,6.79933003024244e-05
-0.000288433121238965,-9.78566402527357e-06
-0.000356178524669084,-0.000163804638107181
-0.000391527588136669,-0.000233940613821082
-0.000387917832240774,-0.000183112059095416
-0.000343370203426986,-2.70252079686366e-05
-0.000297831130172471,9.26928902277318e-05
-0.000240503735658679,0.00020822407844869
-0.000174081235672255,0.000301364298383672
-0.000101878712252792,0.000358027827034546
-2.78242048504391e-05,0.000358100362331042
4.43921987545012e-05,0.000341876938682228
0.000111855720307952,0.000355984066417375
0.0001723312828498,0.000403060892031272
0.00022035223806635,0.00045536368567647
0.000259166160225632,0.000504094500099629
0.000287427174784447,0.000537409575845221
0.000304055920750745,0.000546536861350862
0.000308448101744816,0.000530185892968238
0.000302790370677378,0.000491147651411024
0.000287178744265798,0.000432869037826437
0.00026206673390741,0.000361595349741359
0.000228266926941767,0.000285752693522487
0.000186981146114717,0.000214856505905315
0.00013971909134003,0.000157663677816327
8.82627483941926e-05,0.000121302834264214
-1.32989689628043e-06,0.000123591364295745
-8.80301738474811e-05,0.000130057271078594
-0.000164769674251947,7.97078057849455e-05
-0.000225929559225554,-8.83151796925673e-06
-0.000260852449487597,-6.67047755421936e-05
-0.000279829908404835,-9.6614244420452e-05
-0.000281250179924297,-8.9270162951738e-05
-0.000264425774256477,-4.55271044149455e-05
-0.000231758862812285,2.03950951879657e-05
-0.000184296285488792,9.22536190325486e-05
-0.000124451472482038,0.000151068377447098
-5.55620909219514e-05,0.00017926845875134
1.82289540464303e-05,0.000171495023514677
9.31788260997269e-05,0.00017474808957204
0.000166140734333586,0.000222562626609947
0.000234346488768342,0.000310487886948187
0.000309660160187853,0.000439457510249774
0.000367738107523764,0.000548298368426309
0.000403942995557638,0.000598998262418854
0.000414851761026562,0.000569024454219371
0.000407454447066153,0.000504054571178376
0.000388683278380805,0.000409587445603597
0.0003590303338587,0.00029469061942667
0.000319469038694455,0.000170970891180098
0.000271432604561715,5.14883805394863e-05
0.000216808277244619,-5.14935732128834e-05
0.000157777217634089,-0.000128485893474984
9.67414863553477e-05,-0.000173768828699648
2.5581269573464e-05,-0.000174318794944873
-4.08359065426358e-05,-0.000158103068769496
-9.95213652117118e-05,-0.000167221853001686
-0.000148256825592342,-0.000201014809616533
-0.000185266019982332,-0.000235035384413652
-0.000208767474596084,-0.000257293363326367
-0.000217568400357219,-0.000258702170975693
-0.000211083346769757,-0.000236788109429534
-0.000200438170390855,-0.000215025395911599
-0.000184910253991737,-0.000188811418436354
-0.000164744077980541,-0.000160572189372579
-0.000140280691865689,-0.000133118626592441
-0.000111954951667433,-0.000109500644095042
-8.02941716808452e-05,-9.27331175655267e-05
-4.59003432576609e-05,-8.54809390027968e-05
-9.44189455743386e-06,-8.98994703659345e-05
8.51734225635304e-05,-8.46123951906317e-05
0.000180353278898982,-8.16898719743043e-06
0.000268668195180598,0.000127998475755831
0.000342926939910648,0.000282949502129285
0.000399121518560421,0.000404367558374241
0.000424235310243333,0.000427874787542953
0.000413881763799442,0.000334284175950627
0.000367540708617461,0.000148058670592873
0.000331843659242685,3.86907353143055e-05
0.00028900819114179,-6.92470289735802e-05
0.000240275988360574,-0.000166708504093719
0.00018712863693062,-0.000245923963019297
0.000131213381598121,-0.000302639521275868
7.43910970926956e-05,-0.000328155172463612
1.84980473724367e-05,-0.000323922289927881
-3.4823761655178e-05,-0.000311302900210809
-9.07890217150581e-05,-0.000318940021036951
-0.00014028774967973,-0.000345530781281578
-0.000181972078248268,-0.000380496224441909
-0.000214623123263366,-0.000413277501976792
-0.000248405704217763,-0.000436553617528857
-0.000240581553535447,-0.000389309668912694
-0.000191878767632212,-0.00028857943475316
-0.00010920940885296,-0.000191941951470089
-3.59954841938169e-05,-0.000184174592668968
4.19128106519544e-05,-0.000193641376232932
0.000119188989283743,-0.0001641237852193
0.000191315665976257,-8.66191786279689e-05
0.000254240720706002,1.45644468486769e-05
0.000303726789400359,0.000110658943443453
0.000336162720569338,0.0001746398601429
0.000348707062459601,0.000187582801341036
0.000337414690353133,0.000133725235404002
0.000299675524079321,2.59681234874873e-05
0.000237742590450889,-0.00010389362098451
0.000156504700472495,-0.000215309825093386
6.3468361621012e-05,-0.000249893162790797
-3.28586656443253e-05,-0.000250796295890267
-0.000125120804485339,-0.000283911935395622
-0.000207311747109162,-0.000362731921311373
-0.000269346166418548,-0.000449680869722008
-0.000314933850561323,-0.000517682918444681
-0.000341050509800538,-0.000541837984580157
-0.000345653114319648,-0.000509444784829761
-0.000336140547835866,-0.000455726529300491
-0.000316647603242238,-0.00038196882042207
-0.000287721478699879,-0.000295676910264225
-0.000250289597368354,-0.000206068573737434
-0.000205640587761354,-0.000123254524871447
-0.000155413260338909,-5.65398495439812e-05
-0.00010147374739405,-1.29845004159091e-05
-4.58592045066104e-05,3.32993272139569e-06
4.52883693126809e-05,4.9218003622724e-06
0.000127586240747061,3.12263178198239e-05
0.000194763126766807,9.36330750029965e-05
0.000241729697300076,0.000161761223420961
0.000263155902307528,0.000188641399173061
0.000263394134125257,0.000174395912979752
0.000241828848700599,0.00012114042729535
0.00019947473602138,4.49573646635352e-05
0.000172680768873353,8.31580904625771e-06
0.000142199908449971,-2.42706199239917e-05
0.000108556218062522,-4.97607655705351e-05
7.2347504163671e-05,-6.54623401442242e-05
3.42489427055445e-05,-6.72070585228017e-05
-5.0434797053235e-06,-6.10174491625878e-05
-4.49094729425274e-05,-5.76350353486493e-05
-8.48141330982127e-05,-6.49825923269613e-05
-0.000139694537205325,-9.8108692344702e-05
-0.000192487362195605,-0.000153191580629435
-0.000241942179011993,-0.000223738457689859
-0.000286829939537811,-0.000301410274514118
-0.000357116162710833,-0.000438790186621671
-0.000397154987590246,-0.000499083351167119
-0.000401312830330422,-0.000446336294972538
-0.000367696507872132,-0.000289734210206636
-0.000330793696285273,-0.000167698731347765
-0.000282932027312306,-4.27962300024597e-05
-0.000226164652526554,6.9370832896371e-05
-0.00016306887282623,0.000155454752067098
-9.6650523588804e-05,0.000204757228468218
-3.01110917210901e-05,0.000219291055112709
3.36226276647707e-05,0.000215142595865752
9.20732995549731e-05,0.000219966700361416
0.000137753747752341,0.000245912490962931
0.000176719258556522,0.000279618210961482
0.000207929065829637,0.000312388131598586
0.000230479583721591,0.000336526144613998
0.000246942346418075,0.000341949970057234
0.000235741115766205,0.00029980646572499
0.00019749014508439,0.000223189223810875
0.000135568378492881,0.000143217632815906
5.62761959358225e-05,0.000118101568539136
-3.21501986027338e-05,0.000116174419893521
-0.000122042478809496,7.81867821983918e-05
-0.000206649480995456,-1.38752960043651e-05
-0.000275444828397994,-0.000130070981611996
-0.000329462845214947,-0.000237616012226366
-0.000364464555399589,-0.000303953725770043
-0.000377157432665292,-0.000307089833735287
-0.000365098361662886,-0.000237377884475809
-0.000327831942370562,-0.000112706517106203
-0.000267573900939806,3.54953980847993e-05
-0.000188921619370557,0.000168204169262204
-9.87226562494038e-05,0.000236753412875438
-5.01022667361264e-06,0.000258296472183623
8.4939699743782e-05,0.000277028585315131
0.000165032672108794,0.000324058931609666
0.000231652508452478,0.000400014234848815
0.000278268654633187,0.000459953361208324
0.000301281009431146,0.000474353892468119
0.000298560168449996,0.000431026839066874
0.000274613204104162,0.000350108368341118
0.000231940869398173,0.00024984382212367
0.000173385259270571,0.00015451362322119
0.000103168668917441,8.82993465091746e-05
2.68882165667306e-05,8.69365830832351e-05
-4.97751114947225e-05,0.000102724608136148
-0.000122142366570958,7.73489529014017e-05
-0.000186473665008193,9.47190349331597e-06
-0.000232721358262025,-5.72373734917791e-05
-0.000268490970579836,-0.000117047647181097
-0.000291993294228504,-0.000156314864321759
-0.000301834671131835,-0.000165760575069417
-0.000299257072124199,-0.00014905655229522
-0.000287240853056273,-0.000112552894830183
-0.000265935472184808,-6.0513239570224e-05
-0.00023582033765386,5.18782558496544e-07
-0.000197703478258924,6.22970282128967e-05
-0.000152742603755316,0.000115915956765953
-0.000102369042070983,0.00015340882512787
-4.82540357054563e-05,0.000168510195922132
4.89929205359052e-05,0.000169474988926896
0.000144166904523035,0.000206011153137075
0.000230605955711339,0.00030041573809423
0.000302426100681929,0.000421900694389754
0.000356881212742746,0.000516426211008571
0.000382913323294156,0.000533976521540859
0.000377128749863232,0.000457252006299832
0.000339196668335927,0.000303360391881154
0.00030403977753405,0.000197951899233315
0.000260503941610847,9.36744959213229e-05
0.000210150015168955,1.35051768482204e-06
0.000154862815122305,-6.9853124660998e-05
9.6778282948738e-05,-0.000114046615944504
3.82109954647292e-05,-0.000127701064034491
-1.86609013797197e-05,-0.000119667663868991
-7.19493892417311e-05,-0.000116444480385095
-0.000114250192504377,-0.000134286297765393
-0.000151948330597114,-0.000162169117048356
-0.000184266373669905,-0.000194141877045298
-0.000210491139685749,-0.000224351473472425
-0.000233829659785976,-0.000251651534839629
-0.000245561306213513,-0.000260132292111962
-0.000245065571494439,-0.000246455954518566
-0.000232176465410228,-0.00021206467310617
-0.000207218343716661,-0.000162843327835709
-0.000171121006678825,-0.000109030373823516
-0.000125364431499542,-6.20756102522599e-05
-7.19578123360733e-05,-3.32852750241101e-05
1.70219309644772e-05,-3.75129476156613e-05
0.000109359980737481,-2.67325940405901e-05
0.000198062628956812,5.31584835787915e-05
0.000276956705258542,0.000185485903728899
0.000343041505113948,0.000319015168742915
0.000385297034846007,0.000398230108715756
0.000398817555484379,0.00038937554993952
0.000381039091284946,0.000287943496837799
0.000359818822488817,0.000207550023595808
0.000330880404049524,0.000116051343306461
0.000294898141396706,2.09291302685778e-05
0.000252793911395937,-7.00081065727905e-05
0.000205716613924141,-0.000149144776995596
0.000155015489529327,-0.000210181034982995
0.000102157580362872,-0.000248780810677003
4.86885628458007e-05,-0.000262933299238254
-4.70894430790885e-05,-0.000264251400728456
-0.000132133259429036,-0.000288470772515245
-0.000200422796773206,-0.000345255293251153
-0.000247222611050478,-0.000402963907256569
-0.000267367442181119,-0.000417003460028473
-0.000267689555973371,-0.000391899844761696
-0.000247911533427858,-0.00033082773700852
-0.00020914751903063,-0.000248665846124471
-0.000185793019871332,-0.000210617091889184
-0.000159349488274271,-0.000175538998319068
-0.000130222371755096,-0.000145768991749628
-9.88690756113694e-05,-0.000123414364115782
-6.5783649537531e-05,-0.00010899769703327
-3.15244074074796e-05,-0.00010698114651811
3.35025691351374e-06,-0.000116460122091129
3.83277842773848e-05,-0.000124865175654353
7.28941661183071e-05,-0.000120092144344338
0.000106813142087534,-0.000104790967315059
0.000139728564636983,-8.01068117169951e-05
0.000171286948669249,-4.76362942568107e-05
0.000257984185705759,8.3944553146269e-05
0.000317322825782727,0.000194108868053937
0.000340981800434668,0.000222849409960902
0.000324191899251434,0.00015012242497052
0.000287131764836743,4.81638376335487e-05
0.000231342076882077,-6.55637736187679e-05
0.000160404925727391,-0.000162208150620299
7.93268471998851e-05,-0.000216507785663298
-5.63142116135328e-06,-0.000210635116257333
-8.87851297508566e-05,-0.00020522242181949
-0.00016556657794638,-0.000250039620680578
-0.000232265648352292,-0.00033438809828278
-0.000282272344112683,-0.000410156759627124
-0.000318024815924938,-0.000463569200373969
-0.000337436674005273,-0.000478261000747612
-0.000339133358532341,-0.000446769657170854
-0.000327482724930744,-0.000390026561004774
-0.000304579593582568,-0.000312129838412688
-0.000271153483365316,-0.000222479038022085
-0.000228422130460335,-0.000132381649735726
-0.000178060183537508,-5.39232967611487e-05
-0.000122172906327682,2.47487364205998e-06
-6.31138601352089e-05,2.97402487635456e-05
-3.40159233598434e-06,2.50257081955098e-05
8.57780786301129e-05,2.7707243289949e-05
0.000164178944745247,8.245192928987e-05
0.000226196980178996,0.000158398837811735
0.000266936169371376,0.000218995911772037
0.000282308355886981,0.000224866132898638
0.000257599056702494,0.000154217407063042
0.000194704605967855,3.99472781703444e-05
0.000101397316654587,-5.4489048811204e-05
2.11899454874853e-05,-4.8446372050232e-05
-6.18993501656131e-05,-2.85987604922414e-05
-0.000142717755134847,-6.37691538230538e-05
-0.000217089486771702,-0.000154076504918892
-0.000281245369693402,-0.000259811206223146
-0.000331008328639315,-0.000352442804029211
-0.000362938477862724,-0.000404664062917701
-0.000374415894720335,-0.000398945175518042
-0.000369604148490239,-0.000358298774025572
-0.000354364435120574,-0.000291592662416401
-0.00032898840139731,-0.000205408854007105
-0.000294171285282317,-0.00010883850284053
-0.000251002429062496,-1.26636918440059e-05
-0.000200976927254206,7.22372143625622e-05
-0.000145882127101195,0.000136744247424856
-8.77464259215598e-05,0.000174400724018019
-1.14165481321316e-05,0.0001667711109097
6.16233040245049e-05,0.000147517932924964
0.000127863787605692,0.00016820054911159
0.000184641316428357,0.000223582999135437
0.000229690517681536,0.000278981004161212
0.000260584642796068,0.000318572919718003
0.000275569693412217,0.000328832494269158
0.0002735814496915,0.000304249805327828
0.000255888647725451,0.000251607921176485
0.00022350900438832,0.000181634165806658
0.00017796606882321,0.000109113309210676
0.000121637800789061,5.05310902394727e-05
5.77466694135719e-05,2.8725126107683e-05
-1.00607018447363e-05,2.81874679008494e-05
-7.84544961816406e-05,1.78847805234196e-05
-0.000144538473343351,-2.15848729825821e-05
-0.000223379642101483,-0.000118114231939615
-0.000288431137730918,-0.000227967604306598
-0.000334693414242815,-0.000313171146055263
-0.000358055174757858,-0.000343011370578252
-0.000359445675175217,-0.000322807234113571
-0.000349276509337974,-0.00027222535458584
-0.000327633055773002,-0.000196702721500261
-0.000295087012219113,-0.00010534041660629
-0.000252694985194679,-9.96568674114221e-06
-0.00020203710955599,7.66065974566608e-05
-0.000145085348553562,0.000143171340972791
-8.41453102324141e-05,0.00018135743761996
1.22648211875395e-05,0.000180252135411766
0.000103547410592804,0.000181302077744225
0.000183023791835168,0.000236449158705125
0.000245430145265961,0.000322051928305828
0.000280770266187179,0.000371298019625082
0.000299370341799728,0.000387001878073473
0.000299871210106693,0.000361360520080426
0.000281894107775552,0.000297415492418923
0.000256569273240582,0.000231738921590919
0.000221968202650926,0.000160699318815796
0.000179283806060209,9.39950702407496e-05
0.000130081838277658,4.10866549175907e-05
7.62616325930553e-05,1.13235059124824e-05
1.99647414478431e-05,4.52161566547655e-06
-3.67711081127227e-05,8.21042740183538e-06
-9.21361757875986e-05,-1.72084076381217e-08
-0.000141569345941616,-3.26580418401352e-05
-0.000187363170379546,-8.08093215680868e-05
-0.000228410783608443,-0.00013729419747326
-0.000263655703660579,-0.000194171472098687
-0.000317016299938305,-0.000283648000165838
-0.000327012363686071,-0.000271896270626832
-0.000290241454501819,-0.000153565113386476
-0.000210583133297445,1.21236340010468e-05
-9.91331145030909e-05,9.63666196775796e-05
2.49679767062886e-05,0.000129806615199783
0.000144159021209017,0.000195941772866214
0.000243536712976596,0.000310372423794387
0.000302726536956365,0.000403377015936301
0.000332923585071838,0.000435820405385584
0.000330314317834212,0.000384424741057302
0.000294294716617034,0.000261526685371589
0.000251155536308011,0.000156670693904688
0.000195670399802926,5.85220847514171e-05
0.000130946206966468,-1.45443731398993e-05
6.07703174342126e-05,-4.90325169720643e-05
-1.05256419263031e-05,-4.20733460053262e-05
-7.9203070284222e-05,-3.85612668492363e-05
-0.000142247072640875,-7.08532391390876e-05
-0.000197167114544331,-0.000132038298237134
-0.000244645519745769,-0.000198972063206764
-0.000277375102228503,-0.000248092211147883
-0.000293247748536387,-0.000263657091694975
-0.000290934825058247,-0.000239027373255358
-0.000275641883364407,-0.000192081061227185
-0.000248760942795722,-0.000128667217630614
-0.000211183715943329,-5.88266849048539e-05
-0.000164333981344431,5.75542699578845e-06
-0.000110087748727299,5.60241294089823e-05
-5.08886928556173e-05,7.53112933506064e-05
1.0705456422957e-05,6.45122692173587e-05
7.2292430197027e-05,5.81669026993265e-05
0.0001211556050928,8.11932894986341e-05
0.000167847787713595,0.00012176970326975
0.000211457694829341,0.000174987039665903
0.000251093908137893,0.000234795878827239
0.000321381893716831,0.000359427436342254
0.000358541554295633,0.000411380502581918
0.000356872840146513,0.000355126191829265
0.000315135672941683,0.000205829450284642
0.000266582173929189,8.28267418243167e-05
0.000204625324535828,-3.0321586993584e-05
0.000133057996895856,-0.000111881493343465
5.64613220962914e-05,-0.000147121285123529
-2.00482467222683e-05,-0.000141421782456522
-9.22420112822403e-05,-0.000144124225339399
-0.000156725302168732,-0.000182521761969849
-0.000210698148089746,-0.000245017470472623
-0.000253467981216862,-0.000302802400441152
-0.000279175084888173,-0.000333638095575417
-0.000285991241255495,-0.000324913458138696
-0.000273114439568127,-0.000275685654452505
-0.000224602093836593,-0.000148401233667061
-0.000146692176555331,-5.50751275688196e-05
-4.9835600598846e-05,-5.82432188997595e-05
5.38119089324225e-05,-8.86683334170407e-05
0.000146312685170167,-3.80153732528368e-05
0.000227518515690193,6.34358602582552e-05
0.000290484726487067,0.000172036336031541
0.000329123536413264,0.000242320921993099
0.000338056454522752,0.000232502148771042
0.000310347468768554,0.000137321888209573
0.000247702043227179,-7.83682454240191e-06
0.000156781280274878,-0.000142116831193496
7.90036931531268e-05,-0.000184720649065737
-2.40827774162621e-06,-0.000194234917739523
-8.25545158579205e-05,-0.000208128892562974
-0.000157260894910082,-0.000252128842927969
-0.000223054458160365,-0.000327827009956904
-0.000276665560157204,-0.000406590998421369
-0.000315180728503162,-0.000464184889773007
-0.000336234749813676,-0.000481948773534306
-0.000337846983331694,-0.000446791847973692
-0.000318233813074329,-0.000362558668741017
-0.000278334137974504,-0.00024624415381139
-0.000220739345223663,-0.000124018620588234
-0.000169949672435287,-4.9049044833844e-05
-0.000114051055483132,2.78563955143386e-06
-5.53682632764901e-05,2.5578336151341e-05
3.65575549625955e-06,1.89029710476571e-05
6.06909443805524e-05,1.38560245955238e-05
0.000114085698217603,3.50148052310525e-05
0.000162372660185906,7.48477221289553e-05
0.000204146539807314,0.000123906483261226
0.000259293640163335,0.000203665150018373
0.000281906424575365,0.000227741208095974
0.000268352866509672,0.000176746348215561
0.000219073820091144,7.20106961467068e-05
0.000126102430268023,-2.61684276162951e-05
9.10202130368517e-06,-8.3543886876303e-05
-0.000114845141121359,-0.000141636948045521
-0.000229491517026782,-0.00025147523428434
-0.000314515747632542,-0.000398376641758011
-0.000369987311436383,-0.000493903931093545
-0.000388522348983401,-0.000483232760724161
-0.000366513437226677,-0.00035810011488075
-0.000330736842995098,-0.000232381709416164
-0.000280023040903959,-9.68663908079179e-05
-0.000217182183232165,2.58293005467794e-05
-0.000145944989083019,0.00011597293027263
-7.08635427644844e-05,0.000152235679386612
3.41987787105366e-06,0.000156667970419714
7.29165483445093e-05,0.000164242493399721
0.000134394690922307,0.000193229515175369
0.000195803818326392,0.000251910811508082
0.00023641874412905,0.000298490055848021
0.000252952580052846,0.000307014951334934
0.000243698217161868,0.00026902788400309
0.000229546395808938,0.000235428551858561
0.000209354042578233,0.00019602782911196
0.000183523955636645,0.000154729545589057
0.000152610016647509,0.000115875285743149
0.000117304977956426,8.4078225446965e-05
7.84531823355479e-05,6.36293153182963e-05
3.69895298145917e-05,5.70264250248356e-05
-6.09731943775665e-06,6.45158337358215e-05
-5.1132752147318e-05,6.97366017924391e-05
-9.60584658375691e-05,5.6591069486945e-05
-0.000140133532205447,2.62977184834462e-05
-0.00018261829256739,-1.85655614980656e-05
-0.00026878851312341,-0.000153601155902379
-0.000334876966113,-0.000282158737010291
-0.000373741598133097,-0.000349963038508874
-0.000380206906436167,-0.000324479862791613
-0.000362314725831216,-0.000241387102388995
-0.000325480734317455,-0.00012123155274426
-0.000271533795299005,1.27586091585085e-05
-0.000203678453931707,0.000134009622506876
-0.000142915822059821,0.00020834486168895
-7.88725519152328e-05,0.000241381359495544
-1.43883389165207e-05,0.000229525886184358
4.79270234337089e-05,0.00021117153301702
0.000106029273463413,0.000226931140532383
0.000158427759218425,0.000263875873312678
0.000203599489409252,0.000311092907653514
0.000240133421012146,0.000357025230805117
0.000281030960972652,0.000402591402278499
0.000282133770786011,0.000367896084877239
0.00024246893719402,0.000259858475011407
0.000166858127577341,0.000130704100795988
9.18511968005862e-05,7.44015226319274e-05
8.97187747689199e-06,5.40612013283829e-05
-7.52542295811593e-05,3.76478383014631e-05
-0.000154971332128213,-9.70898494035417e-06
-0.000225197513136662,-9.9429153050501e-05
-0.000281387438941031,-0.000193381951875527
-0.000319471838812086,-0.000260313540983303
-0.00033622049541726,-0.000277070479083058
-0.000330303935797245,-0.000235489678809854
-0.000302579458902601,-0.000147488037380251
-0.000254367539035135,-3.40205360649667e-05
-0.000188773250093701,7.59072628324727e-05
-0.000110587010401997,0.000146675075603346
-2.59562464685198e-05,0.000174049529591683
5.91358136519476e-05,0.000182554227496664
0.000139367018996704,0.000213361750948387
0.000199969197523112,0.000274890274234137
0.000251744973903207,0.000345862461792907
0.000292534649211412,0.000408696954324578
0.000320456510272121,0.000447810899229638
0.000334664733370533,0.000448650452174171
0.00032902863331296,0.000399460245274828
0.000303468236832149,0.000307909089257338
0.000259321711001942,0.0001929191380865
0.000225084802308316,0.000124063066056082
0.000186008025652163,6.23286947129697e-05
0.000143090770163516,1.29400842097295e-05
9.74595745186516e-05,-1.99738077807349e-05
5.03590942200835e-05,-3.15587315225323e-05
3.04871481110049e-06,-2.89878746016598e-05
-4.33555409176241e-05,-2.579636857686e-05
-8.79082809839707e-05,-3.3921486858887e-05
-0.000135940547271157,-6.30683531757372e-05
-0.000179338229096099,-0.000105442953941884
-0.00021701031633205,-0.000153294278395646
-0.000247939821678601,-0.000198622838300002
-0.000289472627276276,-0.000253788681035211
-0.000279242993581594,-0.00020413753407393
-0.000216977878676545,-7.20598967198541e-05
-0.000112333647479428,5.35358009688501e-05
-3.478095869529e-05,5.93646481617381e-05
4.58301986855564e-05,4.71980515028639e-05
0.00012469761323402,7.53049460071242e-05
0.000197867378574207,0.000150939587196487
0.000261836273760261,0.000247405312544366
0.000312867015636852,0.000337997813951076
0.000347781490679126,0.000397191481594716
0.000364055795195989,0.000406784189167428
0.000362125422820691,0.000370428526993811
0.000345773941490947,0.000297923873838357
0.000315417839402371,0.000199114235714894
0.000272241460821113,8.86171043732803e-05
0.00021817032634517,-1.59979908255264e-05
0.000155890113028976,-9.80431555610175e-05
8.85495976447076e-05,-0.000145322132409623
1.96286313225424e-05,-0.000151877192037996
-7.26046964833735e-05,-0.000153930908602575
-0.000154425255509196,-0.000198360215375266
-0.00022016740640062,-0.000269041530176558
-0.000265032148446487,-0.000331089120493814
-0.000285875551042847,-0.000342783839889401
-0.000271530963216687,-0.000283373487962628
-0.000222785884418658,-0.000173700446639242
-0.000144936435204593,-6.30318239746923e-05
-7.28153506341321e-05,-2.58792878235903e-05
4.93548123936752e-06,-1.73929240262168e-05
8.32750402240112e-05,-1.56118159520089e-06
0.000157779699577683,4.73414266351183e-05
0.000224647199846136,0.000132119952002824
0.000280252572635458,0.000224276410746521
0.000321294396143796,0.000298185759098184
0.000344995546252549,0.000332647712732211
0.000348998788567689,0.000311632131739419
0.000330773851699969,0.000235508599739096
0.000290915931641149,0.000120625716620476
0.000231845280348116,-5.36415960709517e-06
0.000179846384252445,-8.35131655917408e-05
0.000122156983423953,-0.000139158409403955
6.11266952164114e-05,-0.000164974045665331
-7.23068219398094e-07,-0.000158194190915955
-6.09543392173316e-05,-0.000151538073900936
-0.000117865310318737,-0.000173394529688529
-0.000169949049405012,-0.00021619336240706
-0.000215750738782491,-0.000270059451737735
-0.000277133148983515,-0.000358554511315833
-0.000308151125179521,-0.000392275566930005
-0.000304794947040728,-0.000345816768449158
-0.00026657945620841,-0.000231983678979812
-0.000243115501615781,-0.000179360309856474
-0.000215354263667337,-0.000127055394461714
-0.000183791470449585,-7.86578137065061e-05
-0.000149012874863513,-3.75623120533301e-05
-0.000111680638446199,-6.82801318257344e-06
-7.25387879665034e-05,1.08191848478614e-05
-3.23627264987352e-05,1.4690433407051e-05
8.07303126307819e-06,6.84415727934846e-06
5.01831949606099e-05,1.95029425695913e-06
9.11567715603366e-05,1.23478377175461e-05
0.00013042135304347,3.60314226564756e-05
0.000167412081039951,7.01574744155844e-05
0.000248525172093522,0.000182219656503799
0.000301898921194437,0.000269159682664144
0.000320695960520794,0.00028054018682246
0.000301401993171348,0.000203685781873173
0.000262127849113367,0.000103215506557173
0.000204201749648512,-2.88043533254632e-06
0.000131675498544538,-8.55292810640541e-05
5.00241180269824e-05,-0.000120933986110189
-3.42720851053267e-05,-0.000117552183074127
-0.000115772684093916,-0.000134783393465285
-0.000189953387819351,-0.000197451213181439
-0.000252901005014046,-0.000288047262669719
-0.000305859704231846,-0.000374800932077121
-0.000335513352954842,-0.000412375223276887
-0.000338796100051106,-0.000381285341969419
-0.000314679368130472,-0.000285570682771278
-0.000281013304590705,-0.000190757215891358
-0.000235254857934622,-9.16575615992385e-05
-0.000179540795135748,-4.36775394853812e-06
-0.000116638808641956,5.68811325152933e-05
-4.99211503157953e-05,7.37521473193112e-05
1.71836488251858e-05,6.96222268441526e-05
8.17437817016977e-05,7.84967398418605e-05
0.00014135210551025,0.000113403579579061
0.000213001241321151,0.000193092311368036
0.000265329551348963,0.000268279268348388
0.000293872294047918,0.000303914545704374
0.000295653459913443,0.000281310498654606
0.000273742337204451,0.000212197233531869
0.000230807929505216,0.000117882521459655
0.000169705951382572,2.51653582552282e-05
9.50097918002778e-05,-3.76936371711199e-05
1.30195516803039e-05,-2.98045137361845e-05
-6.99001299565372e-05,-1.08815235563566e-05
-0.000148568895832105,-4.82156761579384e-05
-0.000218843848177017,-0.000136753369009725
-0.000267259439269945,-0.000214384176823473
-0.00030545578736157,-0.000282014668107971
-0.000331621013891165,-0.000325279355928095
-0.000344314329256098,-0.000334185594299768
-0.000333063311747911,-0.000261556693010033
-0.000281576014767678,-0.000114909352156966
-0.000195489454530698,4.40750662739456e-05
-8.62464106990666e-05,0.000143793707684714
-9.86776412909307e-06,0.000135782395865827
6.47937402290345e-05,0.000118122327983962
0.000134114347755694,0.000143673127308135
0.000195268910842766,0.000208220164741762
0.00024578645734693,0.000277215001329773
0.000282974588325765,0.000332696080366432
0.00030474445448112,0.000358102000571423
0.000309633184181506,0.000344309485619699
0.000302166729147488,0.000309008244996183
0.000285491615177,0.000256197511741242
0.000259986035444886,0.000191568835260286
0.000226350109386689,0.000122528610206276
0.000185595824930192,5.75657875983324e-05
0.000139049168662761,5.00868959780704e-06
8.82608852568215e-05,-2.83209445836535e-05
3.49659627874273e-05,-3.77745038548437e-05
-5.91813755872533e-05,-4.0290156128324e-05
-0.000147891517147581,-8.28086931564466e-05
-0.000224662458202138,-0.000170210898927138
-0.00028381541339978,-0.000268409882229474
-0.000301107880308892,-0.000297426615188866
-0.000314632612824061,-0.000318412303507622
-0.000324162780664099,-0.000329778414518104
-0.000329514764634745,-0.000330486630239629
