0
1.11111111111111
2.22222222222222
3.33333333333333
4.44444444444444
5.55555555555556
6.66666666666667
7.77777777777778
8.88888888888889
10
11.1111111111111
12.2222222222222
13.3333333333333
14.4444444444444
15.5555555555556
16.6666666666667
17.7777777777778
18.8888888888889
20
21.1111111111111
22.2222222222222
23.3333333333333
24.4444444444444
25.5555555555556
26.6666666666667
27.7777777777778
28.8888888888889
30
31.1111111111111
32.2222222222222
33.3333333333333
34.4444444444444
35.5555555555556
36.6666666666667
37.7777777777778
38.8888888888889
40
41.1111111111111
42.2222222222222
43.3333333333333
44.4444444444444
