0
0.0213038252226164
0.0426076504452329
0.0639114756678493
0.0852153008904658
0.106519126113082
0.127822951335699
0.149126776558315
0.170430601780932
0.195391375742961
0.22035214970499
0.245312923667019
0.270273697629048
0.298474528080154
0.32667535853126
0.354876188982366
0.383077019433472
0.411277849884579
0.439478680335685
0.467679510786791
0.495880341237897
0.525267011725342
0.554653682212787
0.584040352700232
0.613427023187677
0.640946535482127
0.668466047776578
0.695985560071029
0.72350507236548
0.755191266172692
0.786877459979905
0.818563653787117
0.85024984759433
0.891322679606074
0.932395511617819
0.973468343629563
1.01454117564131
1.04777448084315
1.08100778604499
1.11424109124683
1.14747439644867
1.17915690884118
1.21083942123369
1.2425219336262
1.27420444601871
1.30205265616242
1.32990086630612
1.35774907644983
1.38559728659353
1.40976928754668
1.43394128849984
1.45811328945299
1.48228529040614
1.50645729135929
1.53062929231244
1.5548012932656
1.57897329421875
1.61277273449013
1.6465721747615
1.68037161503288
1.71417105530426
1.7601476230399
1.80612419077553
1.85210075851117
1.8980773262468
1.93535889246299
1.97264045867917
2.00992202489536
2.04720359111155
2.07405498912973
2.10090638714791
2.12775778516609
2.15460918318427
2.18146058120245
2.20831197922063
2.23516337723881
2.26201477525699
2.2870363252481
2.31205787523922
2.33707942523034
2.36210097522146
2.38712252521258
2.41214407520369
2.43716562519481
2.46218717518593
2.48589885283907
2.50961053049221
2.53332220814535
2.55703388579849
2.58703175261396
2.61702961942943
2.64702748624491
2.67702535306038
2.71022464259263
2.74342393212488
2.77662322165713
2.80982251118938
2.84302180072163
2.87622109025388
2.90942037978614
2.94261966931839
2.95890488336264
2.97519009740689
2.99147531145113
3.00776052549538
3.02404573953963
3.04033095358388
3.05661616762813
3.07290138167238
3.09564803484525
3.11839468801812
3.14114134119099
3.16388799436386
3.18892868423652
3.21396937410918
3.23901006398185
3.26405075385451
3.28829070581889
3.31253065778327
3.33677060974765
3.36101056171203
3.38760349304872
3.41419642438541
3.44078935572211
3.4673822870588
3.48765513432308
3.50792798158735
3.52820082885162
3.5484736761159
3.56874652338017
3.58901937064445
3.60929221790872
3.629565065173
3.65092730679304
3.67228954841308
3.69365179003311
3.71501403165315
3.74171856857154
3.76842310548992
3.7951276424083
3.82183217932669
3.84587200749058
3.86991183565447
3.89395166381836
3.91799149198226
3.94385145095462
3.96971140992699
3.99557136889936
4.02143132787173
4.04958793858382
4.07774454929591
4.10590116000799
4.13405777072008
4.15960140591665
4.18514504111322
4.2106886763098
4.23623231150636
4.26266566356399
4.28909901562161
4.31553236767924
4.34196571973686
4.36454127101003
4.38711682228319
4.40969237355636
4.43226792482952
4.45484347610269
4.47741902737585
4.49999457864902
4.52257012992218
4.54840777800751
4.57424542609283
4.60008307417815
4.62592072226348
4.63791641706089
4.64991211185831
4.66190780665573
4.67390350145315
4.68589919625057
4.69789489104799
4.70989058584541
4.72188628064282
4.73755660844094
4.75322693623905
4.76889726403717
4.78456759183528
4.80797038952288
4.83137318721048
4.85477598489808
4.87817878258568
4.90896308486936
4.93974738715305
4.97053168943674
5.00131599172042
5.03240067565525
5.06348535959007
5.0945700435249
5.12565472745972
5.15427164510697
5.18288856275422
5.21150548040146
5.24012239804871
5.25891952597876
5.27771665390882
5.29651378183887
5.31531090976892
5.33410803769898
5.35290516562903
5.37170229355908
5.39049942148913
5.41058704405847
5.43067466662781
5.45076228919714
5.47084991176648
5.50140400135133
5.53195809093618
5.56251218052103
5.59306627010588
5.62331653987377
5.65356680964165
5.68381707940953
5.71406734917741
5.74022684506185
5.76638634094629
5.79254583683073
5.81870533271517
5.84608423337959
5.87346313404401
5.90084203470844
5.92822093537286
5.95375625857827
5.97929158178369
6.0048269049891
6.03036222819452
6.05714328163693
6.08392433507935
6.11070538852176
6.13748644196417
6.1664756266127
6.19546481126122
6.22445399590974
6.25344318055826
6.28243236520679
6.31142154985531
6.34041073450383
6.36939991915235
6.3988121128813
6.42822430661024
6.45763650033918
6.48704869406812
6.51591832611939
6.54478795817066
6.57365759022193
6.60252722227321
6.62838750129568
6.65424778031815
6.68010805934063
6.7059683383631
6.73152887794644
6.75708941752979
6.78264995711313
6.80821049669648
6.83159021451231
6.85496993232815
6.87834965014399
6.90172936795982
6.92701800381554
6.95230663967125
6.97759527552697
7.00288391138268
7.02472761384238
7.04657131630208
7.06841501876178
7.09025872122148
7.11210242368117
7.13394612614087
7.15578982860057
7.17763353106027
7.20407056623454
7.23050760140881
7.25694463658308
7.28338167175735
7.29501947688657
7.3066572820158
7.31829508714502
7.32993289227424
7.34157069740347
7.35320850253269
7.36484630766192
7.37648411279114
7.39317049337612
7.4098568739611
7.42654325454609
7.44322963513107
7.46761975453952
7.49200987394798
7.51639999335644
7.5407901127649
7.57031273967271
7.59983536658053
7.62935799348834
7.65888062039616
7.68704100818399
7.71520139597182
7.74336178375964
7.77152217154747
7.79908194146277
7.82664171137808
7.85420148129338
7.88176125120868
7.90175875173721
7.92175625226574
7.94175375279427
7.96175125332279
7.98174875385132
8.00174625437985
8.02174375490838
8.04174125543691
8.0650905310362
8.08843980663549
8.11178908223478
8.13513835783407
8.16364298962881
8.19214762142354
8.22065225321828
8.24915688501302
8.2739673960495
8.29877790708599
8.32358841812247
8.34839892915896
8.37477348220754
8.40114803525613
8.42752258830471
8.45389714135329
8.48218085750303
8.51046457365277
8.5387482898025
8.56703200595224
8.59283682243918
8.61864163892613
8.64444645541307
8.67025127190002
8.69705836395648
8.72386545601294
8.7506725480694
8.77747964012586
8.800654718759
8.82382979739213
8.84700487602527
8.8701799546584
8.89335503329153
8.91653011192467
8.9397051905578
8.96288026919094
8.99278184718641
9.02268342518189
9.05258500317736
9.08248658117283
9.11238815916831
9.14228973716378
9.17219131515925
9.20209289315473
9.22813006293975
9.25416723272478
9.2802044025098
9.30624157229482
9.33521693689822
9.36419230150161
9.39316766610501
9.42214303070841
9.45166559244917
9.48118815418993
9.5107107159307
9.54023327767146
9.56975583941223
9.59927840115299
9.62880096289376
9.65832352463452
9.6790585992716
9.69979367390869
9.72052874854577
9.74126382318286
9.76199889781994
9.78273397245703
9.80346904709411
9.8242041217312
9.85017168130041
9.87613924086962
9.90210680043884
9.92807436000805
9.95584294241103
9.98361152481401
10.011380107217
10.03914868962
10.0619026860979
10.0846566825759
10.1074106790539
10.1301646755318
10.1583487229713
10.1865327704107
10.2147168178502
10.2429008652897
10.2698782709968
10.296855676704
10.3238330824112
10.3508104881183
10.3745880977845
10.3983657074507
10.4221433171169
10.445920926783
10.4718080830225
10.497695239262
10.5235823955015
10.549469551741
10.569030144887
10.5885907380331
10.6081513311791
10.6277119243251
10.6472725174712
10.6668331106172
10.6863937037632
10.7059542969093
10.7321605713766
10.758366845844
10.7845731203113
10.8107793947787
10.840491054383
10.8702027139873
10.8999143735916
10.9296260331959
10.9544121127358
10.9791981922757
11.0039842718155
11.0287703513554
11.0577002523147
11.0866301532741
11.1155600542334
11.1444899551927
11.170809936892
11.1971299185913
11.2234499002906
11.2497698819898
11.2752609869984
11.3007520920069
11.3262431970155
11.3517343020241
11.3783697864901
11.4050052709562
11.4316407554222
11.4582762398882
11.477221128992
11.4961660180957
11.5151109071994
11.5340557963032
11.5530006854069
11.5719455745106
11.5908904636144
11.6098353527181
11.6425080561321
11.6751807595461
11.70785346296
11.740526166374
11.7663984767288
11.7922707870835
11.8181430974383
11.844015407793
11.8698877181478
11.8957600285025
11.9216323388573
11.947504649212
11.97723734929
12.0069700493679
12.0367027494458
12.0664354495237
12.0958747104468
12.1253139713699
12.1547532322929
12.184192493216
12.2125995141354
12.2410065350547
12.2694135559741
12.2978205768934
12.3179280592241
12.3380355415547
12.3581430238853
12.378250506216
12.3983579885466
12.4184654708773
12.4385729532079
12.4586804355386
12.4820224706998
12.505364505861
12.5287065410222
12.5520485761834
12.5797867214373
12.6075248666912
12.6352630119451
12.663001157199
12.6869657721544
12.7109303871098
12.7348950020652
12.7588596170206
12.7852417488374
12.8116238806543
12.8380060124711
12.8643881442879
12.8920938470008
12.9197995497138
12.9475052524267
12.9752109551396
12.9997990850998
13.02438721506
13.0489753450202
13.0735634749804
13.0997448687337
13.125926262487
13.1521076562404
13.1782890499937
13.1989488175033
13.2196085850129
13.2402683525225
13.260928120032
13.2815878875416
13.3022476550512
13.3229074225607
13.3435671900703
13.3678423397683
13.3921174894662
13.4163926391642
13.4406677888622
13.4684078236542
13.4961478584463
13.5238878932383
13.5516279280304
13.5750760147894
13.5985241015485
13.6219721883076
13.6454202750666
13.6721821670619
13.6989440590572
13.7257059510525
13.7524678430478
13.7802998004334
13.8081317578191
13.8359637152047
13.8637956725903
13.8883307882549
13.9128659039195
13.9374010195841
13.9619361352488
13.9882033110373
14.0144704868258
14.0407376626143
14.0670048384029
14.0838536897327
14.1007025410625
14.1175513923923
14.1344002437222
14.151249095052
14.1680979463818
14.1849467977116
14.2017956490414
14.2225645353293
14.2433334216171
14.264102307905
14.2848711941928
14.3139111492115
14.3429511042301
14.3719910592487
14.4010310142673
14.4312469759378
14.4614629376083
14.4916788992788
14.5218948609493
14.5478414961662
14.5737881313832
14.5997347666001
14.625681401817
14.6533962957557
14.6811111896943
14.708826083633
14.7365409775716
14.7621199681288
14.7876989586859
14.8132779492431
14.8388569398002
14.8653975639937
14.8919381881872
14.9184788123806
14.9450194365741
14.9643386365597
14.9836578365453
15.0029770365309
15.0222962365165
15.041615436502
15.0609346364876
15.0802538364732
15.0995730364588
15.1218563198068
15.1441396031547
15.1664228865027
15.1887061698507
15.2167212471705
15.2447363244903
15.2727514018101
15.30076647913
15.3255923591389
15.3504182391478
15.3752441191567
15.4000699991657
15.4260932625528
15.4521165259399
15.4781397893271
15.5041630527142
15.5321200868367
15.5600771209591
15.5880341550816
15.6159911892041
15.6415179102175
15.6670446312309
15.6925713522444
15.7180980732578
15.7446076483074
15.771117223357
15.7976267984067
15.8241363734563
15.8447778681222
15.8654193627882
15.8860608574541
15.9067023521201
15.9273438467861
15.947985341452
15.968626836118
15.9892683307839
16.0131755496319
16.0370827684799
16.0609899873278
16.0848972061758
16.1125228382764
16.140148470377
16.1677741024776
16.1953997345782
16.2189207853281
16.242441836078
16.2659628868279
16.2894839375778
16.316066617133
16.3426492966882
16.3692319762434
16.3958146557986
16.4237254646301
16.4516362734615
16.479547082293
16.5074578911245
16.5321172047156
16.5567765183067
16.5814358318979
16.606095145489
16.6323805223433
16.6586658991977
16.684951276052
16.7112366529063
16.7300213586012
16.7488060642962
16.7675907699911
16.786375475686
16.805160181381
16.8239448870759
16.8427295927709
16.8615142984658
16.8837548627887
16.9059954271117
16.9282359914346
16.9504765557576
16.9786428678086
17.0068091798597
17.0349754919107
17.0631418039618
17.0887024129788
17.1142630219958
17.1398236310129
17.1653842400299
17.191399112892
17.217413985754
17.243428858616
17.2694437314781
17.2975194830614
17.3255952346448
17.3536709862282
17.3817467378116
17.407646014256
17.4335452907005
17.459444567145
17.4853438435894
17.5120086542822
17.538673464975
17.5653382756677
17.5920030863605
17.61113808202
17.6302730776794
17.6494080733388
17.6685430689983
17.6876780646577
17.7068130603171
17.7259480559766
17.745083051636
17.767154570925
17.7892260902139
17.8112976095029
17.8333691287919
17.8615211580883
17.8896731873847
17.9178252166811
17.9459772459775
17.9712492126091
17.9965211792407
18.0217931458722
18.0470651125038
18.0730464897527
18.0990278670016
18.1250092442504
18.1509906214993
18.1789612945776
18.2069319676558
18.2349026407341
18.2628733138123
18.2885872924318
18.3143012710513
18.3400152496708
18.3657292282903
18.392302761747
18.4188762952037
18.4454498286604
18.4720233621171
18.492379978416
18.5127365947149
18.5330932110139
18.5534498273128
18.5738064436117
18.5941630599106
18.6145196762096
18.6348762925085
18.658422009869
18.6819677272295
18.70551344459
18.7290591619505
18.7568060411846
18.7845529204187
18.8122997996529
18.840046678887
18.8638885508518
18.8877304228167
18.9115722947815
18.9354141667464
18.9618522322692
18.9882902977921
19.014728363315
19.0411664288379
19.0690420948604
19.0969177608829
19.1247934269055
19.152669092928
19.1774310911556
19.2021930893832
19.2269550876108
19.2517170858384
19.2780192989945
19.3043215121507
19.3306237253069
19.356925938463
19.3763979795227
19.3958700205824
19.4153420616421
19.4348141027019
19.4542861437616
19.4737581848213
19.493230225881
19.5127022669407
19.5355173509783
19.5583324350159
19.5811475190536
19.6039626030912
19.6320195675644
19.6600765320377
19.688133496511
19.7161904609842
19.7407732129009
19.7653559648175
19.7899387167342
19.8145214686508
19.840685126442
19.8668487842331
19.8930124420242
19.9191760998154
19.9471782496024
19.9751803993894
20.0031825491764
20.0311846989634
20.0565887840328
20.0819928691023
20.1073969541717
20.1328010392412
20.159321036725
20.1858410342089
20.2123610316928
20.2388810291766
20.2580873155583
20.27729360194
20.2964998883217
20.3157061747034
20.334912461085
20.3541187474667
20.3733250338484
20.3925313202301
20.4147348012842
20.4369382823384
20.4591417633926
20.4813452444467
20.5094873535651
20.5376294626834
20.5657715718017
20.5939136809201
20.6190317028396
20.6441497247591
20.6692677466787
20.6943857685982
20.7203943509864
20.7464029333746
20.7724115157628
20.798420098151
20.8264240622536
20.8544280263563
20.8824319904589
20.9104359545615
20.9361583542654
20.9618807539692
20.9876031536731
21.013325553377
21.0399121692027
21.0664987850285
21.0930854008542
21.1196720166799
21.1397630993741
21.1598541820682
21.1799452647623
21.2000363474564
21.2201274301505
21.2402185128446
21.2603095955387
21.2804006782328
21.3036155280733
21.3268303779138
21.3500452277544
21.3732600775949
21.4011175348519
21.4289749921089
21.456832449366
21.484689906623
21.5088220522857
21.5329541979484
21.5570863436111
21.5812184892738
21.6075326205546
21.6338467518354
21.6601608831162
21.686475014397
21.7143574358565
21.742239857316
21.7701222787755
21.7980047002349
21.8229231765687
21.8478416529024
21.8727601292362
21.8976786055699
21.9240282347541
21.9503778639382
21.9767274931224
22.0030771223065
22.0228344519588
22.0425917816112
22.0623491112635
22.0821064409158
22.1018637705681
22.1216211002204
22.1413784298728
22.1611357595251
22.184137321698
22.2071388838709
22.2301404460438
22.2531420082167
22.281141072487
22.3091401367574
22.3371392010277
22.365138265298
22.3895420898577
22.4139459144173
22.4383497389769
22.4627535635365
22.4889856933315
22.5152178231265
22.5414499529214
22.5676820827164
22.5956204811475
22.6235588795786
22.6514972780097
22.6794356764408
22.7045999666948
22.7297642569489
22.7549285472029
22.780092837457
22.8065352297334
22.8329776220098
22.8594200142863
22.8858624065627
22.905205989427
22.9245495722912
22.9438931551554
22.9632367380197
22.9825803208839
23.0019239037482
23.0212674866124
23.0406110694766
23.0630314191182
23.0854517687598
23.1078721184015
23.1302924680431
23.1583907720175
23.186489075992
23.2145873799665
23.242685683941
23.2675194169808
23.2923531500206
23.3171868830604
23.3420206161002
23.3680781953433
23.3941357745864
23.4201933538295
23.4462509330726
23.4670411409809
23.4878313488892
23.5086215567976
23.5294117647059
