0,0
2.64986530060111e-05,-1.22358403898752e-05
0.000100722443546765,6.88368737168075e-06
0.00021131212294437,0.000120723280262901
0.000342307114571645,0.0003654798000373
0.000475059175130084,0.000725505196902086
0.000589147785602781,0.00105027813961753
0.000665751953223314,0.00119161252276064
0.000690382676425702,0.00105239268279174
0.00067176433588926,0.000774909962439055
0.000624273847901664,0.000401739521829637
0.000551910843826429,-6.51015401493616e-06
0.000461612885348247,-0.000386754793832921
0.000362656903262864,-0.000684196949493549
0.000265319491467415,-0.000881293107712483
0.000178989725817769,-0.000983834156251569
0.000111388111207398,-0.00101741244478476
7.13437019483115e-05,-0.0010189741817735
5.23820706587436e-05,-0.00101124106038071
5.44804452237876e-05,-0.00100125675416551
7.60784861466883e-05,-0.000985249061378159
0.000116279370832431,-0.000948706555051687
0.000170233661332706,-0.000875053333600727
0.000232972509882663,-0.000755215823129602
0.000299060086774038,-0.000592046727515435
0.000370519012805361,-0.000375590239643411
0.000430659424529292,-0.000171545501487337
0.000471879992066462,-2.81561627288166e-05
0.000487907395951046,1.65094922295662e-05
0.000467047112663382,-8.96237817637515e-05
0.000400935364891256,-0.00031645802428395
0.00029612946020588,-0.000574224677810659
0.000166839400397059,-0.000764218627226651
8.46389137378634e-05,-0.000805586214947215
5.58412834439573e-06,-0.000810721635056772
-6.63350375919021e-05,-0.000811875782388764
-0.000127977411399245,-0.000827233046728196
-0.000176992320938078,-0.000853825514764934
-0.000211436320636042,-0.000871155833624271
-0.000229973674342223,-0.00086633786477688
-0.000232012695946143,-0.000834183482785231
-0.000212409022581511,-0.000761578656301866
-0.000171100467909755,-0.000675644843591739
-0.000112868680613505,-0.000603926645604299
-4.43706023239546e-05,-0.000570654884468186
2.63990741932453e-05,-0.000572766774824341
9.22498731183465e-05,-0.000560657789998497
0.000147078002449172,-0.000514907007587405
0.000185784062078992,-0.000454288440596496
0.000203958363911251,-0.000415579076789608
0.000200207231161437,-0.000407743457714158
0.000173486501190617,-0.000429940691610143
0.000124758045993151,-0.000466101107998695
4.15828404278833e-05,-0.00046402808761353
-5.95064258455899e-05,-0.000455810367472922
-0.000169047505514953,-0.000516275500846124
-0.0002779674466249,-0.000660289387546745
-0.000359292626838088,-0.000812624487529444
-0.00042959851843234,-0.000958556129414349
-0.000484514588154983,-0.00106118697389933
-0.000520322880679607,-0.00108971063873111
-0.000531874734760533,-0.000945353426327195
-0.000488907345158885,-0.000621690183313504
-0.000399050444925539,-0.000222472697697726
-0.000280045553872241,0.0001224647373804
-0.000201688624651365,0.000258452449439146
-0.000128462165720691,0.000333550311472911
-6.61676109824444e-05,0.000359828824932413
-1.94476131240256e-05,0.000357006098502193
8.44315382123956e-06,0.000348620370715427
1.615729638913e-05,0.000346972793016229
3.79111986475333e-06,0.000353776829223431
-2.72138021898015e-05,0.000361566316945888
-8.32444426332576e-05,0.000351590784177279
-0.00015553093093233,0.000293310153959437
-0.000237829398859687,0.000171100458385684
-0.000323280521628072,-1.10715483038761e-05
-0.000406102100111415,-0.000233044636165378
-0.000476943456478034,-0.000438883951545397
-0.000528658063862752,-0.000575825364250876
-0.000555283857109025,-0.000602121697799463
-0.000547132993092059,-0.000449044403482867
-0.000492263117978036,-0.000145224176924909
-0.000397002521785431,0.000214654186062562
-0.000275463772011292,0.000521045197572324
-0.00014613475433926,0.00067599890662848
-3.24328905981665e-05,0.000718121005778339
4.90023625028713e-05,0.000716617378361705
8.82858758494302e-05,0.000706716060078284
8.52609949024647e-05,0.000680744540889445
5.03444658731717e-05,0.000666234208366325
-9.88307589840445e-06,0.00068085396601533
-8.62608541450179e-05,0.000676856673856373
-0.000159010779655129,0.000607676790281379
-0.000229478983890006,0.000491859483960002
-0.000290751481056477,0.00035416615363419
-0.000336356362273264,0.000230284356895446
-0.000362563995588366,0.000153796733691635
-0.000350435036195427,0.000184562223228913
-0.000298176460707126,0.000307085911385866
-0.000210308558839349,0.000459820420744887
-0.000104750726319047,0.000534876126027825
9.52408697416931e-06,0.000561716400992276
0.000120103531241865,0.000600721392545496
0.000216293910493374,0.000677723284329345
0.000303625929434895,0.000784614651442872
0.000340512264785132,0.000788739102577075
0.000321038954871743,0.000651443400788932
0.00024989693626921,0.00043305545302526
0.000213948613744953,0.000358971604528694
0.000174352487606956,0.000295962038190654
0.000132372036482589,0.000248149463620163
8.93537087264335e-05,0.000217989124247393
4.67055008787219e-05,0.000207606434994526
5.78425543007383e-06,0.000210054100053863
-3.22185073641109e-05,0.00021445417070195
-6.62984996753392e-05,0.000211963996315795
-0.000100648308422155,0.000197078921932202
-0.000127032904801641,0.000177851337020667
-0.000144420488404152,0.000161102657506875
-0.000152029384364403,0.000151804549001721
-0.000127253069040059,0.000180622177728849
-4.72524306020949e-05,0.000215450695465385
7.33202134798212e-05,0.00023350356742307
0.000213182041946495,0.000326964193788691
0.00032340781620433,0.000519470247930433
0.00041936299436279,0.000730069669205531
0.000490090028005924,0.000877490031848252
0.000526588280753035,0.000892566215261895
0.000521748552703266,0.000727461635284065
0.000473306921413809,0.000429900107049503
0.000387747182925851,8.43988178207253e-05
0.000278244473146547,-0.00021311829034171
0.000198858827237048,-0.000345699442794511
0.000123065907505964,-0.000418565217559358
5.65061707744494e-05,-0.000441540107723175
3.85474996028861e-06,-0.000433228233216185
-3.15021199120659e-05,-0.000424272642869999
-4.78463453730397e-05,-0.000420542029766527
-4.46960462253196e-05,-0.000416544097606679
-2.28587388857623e-05,-0.000415427079775059
4.08764907802105e-05,-0.000424352233990671
0.000131017159968821,-0.000379688916013904
0.000234295163221735,-0.000236529497348025
0.000336203083947669,-1.15216873691944e-05
0.000407587323050746,0.000183393434247157
0.000460448400588665,0.000328679341647496
0.000488353035499557,0.000379712680953425
0.000486891747171655,0.000315747573064363
0.000451159798337932,0.000130563060544727
0.000382907026654921,-0.000115823196200846
0.000289108083170779,-0.000354989199122115
0.000180667051398021,-0.00052675904102414
0.000100979199163454,-0.00058301683466072
2.59795580358079e-05,-0.000596566078766487
-3.99589780220031e-05,-0.000592905475368035
-9.34389354183942e-05,-0.000594842707464985
-0.000132084784571291,-0.000607290153375681
-0.000154232183464582,-0.000611288783866205
-0.000159007957667795,-0.000598436582079612
-0.000146506869462032,-0.000569152432148365
-9.42719607253934e-05,-0.00051856699850897
-1.28350872414641e-05,-0.000483898041643357
8.34005577174175e-05,-0.000449998634545816
0.000178966922985731,-0.000370414597353058
0.000251319529004277,-0.000244005545353861
0.000302132653894163,-0.00013235866496617
0.000323878476372968,-8.19250515311194e-05
0.000311877790399765,-0.000113391561592333
0.000281528557701031,-0.000182140758469689
0.000234268283553708,-0.000268479358065139
0.000172609516895332,-0.00034996387138248
0.000100288844650797,-0.000404540997166751
2.22659865011254e-05,-0.000398677922214173
-5.64044422077207e-05,-0.000378998873136225
-0.000131520899658457,-0.000401770201911915
-0.000199675733494515,-0.000466980197460454
-0.000250502039132511,-0.00053180356195792
-0.000291873844090522,-0.000590689752554426
-0.000322109593395695,-0.000629874976398054
-0.000339883641341978,-0.000639095896803616
-0.00033878031298241,-0.000568668297239682
-0.000297673583509135,-0.000417910290629632
-0.000222456287169388,-0.000243237153104553
-0.000124896758828555,-0.000112823622931689
-5.6360095270184e-05,-8.76861972724575e-05
9.72434431577532e-06,-8.85145035252716e-05
6.91141243212559e-05,-8.2644128983602e-05
0.000118376982262026,-5.9306613865477e-05
0.000154792289346881,-2.81851628338225e-05
0.000176042347382179,-5.92583663484248e-06
0.000180590870085863,-2.4348673530262e-06
0.000167813505126488,-1.93630778036963e-05
0.000114903579734229,-6.74374000699771e-05
2.94792242526861e-05,-0.000102129538968114
-7.65648646039554e-05,-0.000124571189892483
-0.00018951203312807,-0.000197873828277675
-0.000278422087002441,-0.00033540757760865
-0.000355583168814599,-0.000489259682938255
-0.000414270273188189,-0.000611287424843861
-0.000448818503524263,-0.0006583532255274
-0.00045548875399923,-0.00060722057328038
-0.000435605770484862,-0.000470384575722203
-0.000390301816871162,-0.000274222122551993
-0.000323410125775673,-6.05078232671354e-05
-0.000241198827168595,0.000122736116825557
-0.000152144804835561,0.000242601332825386
-6.50742581101788e-05,0.000289795469983258
1.16478010775977e-05,0.000283505885533825
8.90067213970511e-05,0.000286199869689259
0.000121623582270378,0.000294432763658921
0.000105286805982273,0.000272548868487364
4.38015271494869e-05,0.000246221284321036
-5.08217205173716e-05,0.000247098149373975
-0.000161435367131443,0.000182627601959949
-0.000271018627666999,1.32521310219392e-05
-0.000362987287613316,-0.000200475263379177
-0.000419108820217536,-0.000333291179758499
-0.000436057897909342,-0.000335105999646821
-0.000408830527408963,-0.000192705791459772
-0.000339277416798759,4.10995141314327e-05
-0.000279822500518845,0.000185407506833739
-0.000211436371535914,0.000305250353916269
-0.000138168063165963,0.000385250149014492
-6.44314830585123e-05,0.000418961035458262
5.19619135328768e-06,0.000411128936182879
6.69871882355221e-05,0.000400418308639162
0.000118089772338243,0.000412132845709712
0.000156401168079325,0.000437139854288692
0.000179228022061164,0.000450199740943577
0.000188516074120499,0.000447667806630713
0.000183904992339149,0.000427331149072325
0.000165704298801579,0.00039278306291908
0.000148323621460312,0.000368324134052968
0.000126621435939038,0.000344430093922492
0.000101068915384887,0.000323886636089701
7.22299918172309e-05,0.000309423709322425
4.07558588591866e-05,0.000304162473465943
7.36554044820944e-06,0.0003070813824003
-2.72411644507296e-05,0.000312366810868951
-6.24117204461222e-05,0.000311154858307534
-0.000103358396207598,0.000293564367129501
-0.000143384388488364,0.000261069803901062
-0.000181599424255143,0.000216369976544209
-0.00021713028141232,0.000163357405938171
-0.000286723280348128,2.99179345085712e-05
-0.000325266614449055,-5.04480850264598e-05
-0.000325485159021482,-3.50726720005795e-05
-0.00028504760810749,6.98030225772688e-05
-0.000236965446843831,0.000164749599474523
-0.000175090877691805,0.000251690022608251
-0.000103316293506931,0.000308990802333144
-2.64094181316583e-05,0.000321996107286336
5.04324474367908e-05,0.000316620250326734
0.000123054558313178,0.000338276819957286
0.000187901649751724,0.000391041918616875
0.000241825287898499,0.000457991350909518
0.000289540377247338,0.000520833908843667
0.000311593646202392,0.00053084987570279
0.000305702277468328,0.000475258562927589
0.000272216788642561,0.000366925022136242
0.000233644940434266,0.000277185114344392
0.000185004500409686,0.000193789516126992
0.000128990804539612,0.000130482396615479
6.87889965821785e-05,9.71001593079862e-05
8.02692897968913e-06,0.00010557749460336
-4.99570525072595e-05,0.000121163973367693
-0.00010245231795203,0.000109045919608281
-0.000147291716960579,7.2154222710078e-05
-0.000180932027747722,3.51213624344124e-05
-0.000204510106504629,4.56505253633074e-06
-0.000216856814587293,-1.16297160463172e-05
-0.00021720260106108,-9.31390976609698e-06
-0.000201101930118172,1.82377527206781e-05
-0.000167506246010525,6.21375786134465e-05
-0.000118285790660135,0.000105930003491183
-5.657790645245e-05,0.000130428734000332
1.32904807480655e-05,0.000121182414871951
8.69314026216608e-05,0.00012145080700907
0.000160419460980376,0.000167439635164969
0.000230167701940258,0.000256519144823978
0.000307711680280139,0.000391610491662282
0.000366809896332431,0.00050563832488848
0.00040172222852701,0.000555366196763251
0.000408504504147715,0.000516538515676907
0.000398111217087822,0.000448685926914176
0.000376986014421941,0.000354756144036878
0.000345794701955348,0.000244021368301615
0.000305667473373277,0.00012770460210756
0.000258168031270926,1.79195584375452e-05
0.000205264364795388,-7.46309690323776e-05
0.000149159745217846,-0.00014222956273709
9.22152529403105e-05,-0.000180961880752539
2.57488716472094e-05,-0.000181701545864818
-3.43790963895628e-05,-0.000166702766854279
-8.51235763230027e-05,-0.000170246722817256
-0.000124241928431236,-0.000190848458529867
-0.000150053441596548,-0.000207564516087475
-0.000161145637514869,-0.000212228765616047
-0.000156885843390633,-0.000200900135255324
-0.000137449108244249,-0.000176574209222218
-8.02628626842011e-05,-0.00014485772504551
1.90921868032162e-06,-0.000125821301991575
9.84392165611922e-05,-9.26717688531732e-05
0.000197972938263679,-4.19140404548846e-06
0.000298578447962818,0.000174516539198612
0.000374818768515782,0.000338573195870304
0.00041465059963885,0.000404921927285971
0.000410327711617288,0.000331458815379164
0.000384549794508856,0.000219644948359296
0.000342382879508874,7.97932386765438e-05
0.000286128011516997,-6.50108137791427e-05
0.00021919539535293,-0.000191525187603445
0.000164114226251728,-0.000262595036687555
0.000107506445899103,-0.000306633621069764
5.1510098062379e-05,-0.000322334216159507
-1.78218938379007e-06,-0.000313452270809258
-5.04953614007526e-05,-0.00030553699416178
-9.33150466762207e-05,-0.000313997972810338
-0.000129126247400655,-0.000331203446607594
-0.000156950689172611,-0.000349555781729086
-0.000176761660587165,-0.000362571593589902
-0.000186074827392931,-0.000363823368365486
-0.000184556495559262,-0.000351248385381353
-0.000172272413239516,-0.000326367812193436
-0.000149706804236137,-0.000293948440770228
-0.000117834267180209,-0.000261703176107302
-7.80556512105286e-05,-0.000237926573893084
-3.21717482718726e-05,-0.000230468259708096
5.22253220514004e-05,-0.00023077454482884
0.000138832095848821,-0.00018877048285105
0.000219434624601722,-8.96797854156572e-05
0.000286424959735172,3.65063483817712e-05
0.000338273835877452,0.000145787709503306
0.000353062679066709,0.000160436790828808
0.00032651031803801,6.69107807638252e-05
0.000260416828998121,-9.31973022011443e-05
0.000230140104333072,-0.000148274693959068
0.000196703081762151,-0.000198366597609126
0.000160689498790609,-0.000240492669378816
0.000122744360230426,-0.000272206285604956
8.35488856960928e-05,-0.000293707976670715
4.38560776963375e-05,-0.000298610675127394
4.41441189338729e-06,-0.000286904621147736
-3.40945080120638e-05,-0.000274470682240109
-6.88692554561465e-05,-0.000276236107832646
-0.000101994952190706,-0.000287043522386438
-0.000133103821429553,-0.000304994849791443
-0.000161840716362863,-0.000327884704556579
-0.000239793037707363,-0.000414283890655115
-0.000271511027193634,-0.000435869982501821
-0.000251293510062603,-0.000356575744620646
-0.000182596444332899,-0.00022074729895742
-7.93850589142524e-05,-0.000160541502512858
3.63557929311687e-05,-0.000139575196899364
0.000143639643426964,-7.61420364200734e-05
0.00022460612862206,2.47498897215622e-05
0.000260892364117638,8.17722165869532e-05
0.000264999599149237,7.88883841092088e-05
0.000235142382468669,1.44588953897072e-05
0.000173804368232819,-7.92320138893955e-05
8.37273546175143e-05,-0.000128798844241983
-2.03499986656515e-05,-0.00014777644992229
-0.000125776163926638,-0.000194198016245311
-0.000220996676546536,-0.000290479120978273
-0.000303533564382566,-0.000422906910189477
-0.000347643349138402,-0.000481969633336628
-0.000345652967886434,-0.000417927851162095
-0.000296833941408554,-0.000251615880498865
-0.000242478036335229,-0.000124934766915056
-0.000175196500722274,-1.7894315292547e-05
-0.000100298420345326,4.75832193302275e-05
-2.38257212118636e-05,6.13680879678073e-05
4.8042793005665e-05,5.69876432120617e-05
0.000110593877966608,7.42784773510226e-05
0.000159991114299402,0.000109958260884673
0.000193140479715277,0.000145463571514928
0.000208045925139597,0.000157270989120218
0.000199184964239155,0.000135516131118583
0.000166897566505602,8.80756310317895e-05
0.000113725807199189,3.69135092540801e-05
5.09045942427204e-05,2.24838832426513e-05
-2.03920437166689e-05,2.40371020387146e-05
-9.52829701637062e-05,5.66955484819546e-06
-0.000169213887700048,-5.1843752815937e-05
-0.000237953133234135,-0.000146279521609866
-0.000297328135192616,-0.000252278542817912
-0.000343526791131309,-0.000343519889586928
-0.000373281569724915,-0.000395905174994301
-0.00038401717779179,-0.000392147966262088
-0.000375490750622593,-0.000332207386956104
-0.000347711989962402,-0.000225503007625857
-0.000302140841954931,-9.22666666344881e-05
-0.000241646574575703,4.00503421294861e-05
-0.000170594647653018,0.00014490181765417
-9.41380101560276e-05,0.000204307767672902
-1.79109867169527e-05,0.000212292743441392
6.89565185146094e-05,0.000212427885976581
0.00013899771957914,0.000242459507684547
0.000186146447858722,0.00027925390879658
0.000206134486065314,0.000293311609750552
0.000204329503349084,0.00028103900605812
0.000192711166146987,0.000255953413052732
0.000171649434213218,0.000222171266953449
0.000141894652927648,0.000185957113840153
0.000104523309491891,0.000151697423078891
6.11111543149894e-05,0.000136872713972951
1.34757466508014e-05,0.000147733280387066
-3.65213144553622e-05,0.000162174203497136
-8.70937018238876e-05,0.000151987005401407
-0.000136917993649431,0.000119140136250488
-0.000184538926988385,6.7402136282319e-05
-0.000228527527889871,3.05370277133403e-06
-0.000297877476391156,-0.00012629452973677
-0.000339856576081225,-0.000207531938270741
-0.000348123630312597,-0.00020031459030178
-0.000320072031342277,-0.000102931916808698
-0.00028360907292332,-8.86196049765568e-06
-0.00023460094935684,8.95347510654599e-05
-0.00017555848306011,0.00017463044558196
-0.000109706012150485,0.000231494266492562
-4.09323555615279e-05,0.000240987905410546
2.69022519499675e-05,0.000231885083310198
9.05331034443937e-05,0.000241016657141948
0.000147298014232352,0.00027570812740784
0.000198614999733711,0.000325997498269362
0.000236402482309549,0.000369803785083792
0.000258525480723527,0.000390666407791288
0.000263589290978263,0.000379305045619202
0.000249183058168464,0.000329335165567614
0.000214978132528546,0.000254697874715688
0.000163490063651477,0.000176659852356953
9.88161369589179e-05,0.000119162141324124
2.66115583582191e-05,0.000118863049263667
-4.70997867577063e-05,0.000133636067020551
-0.000117123410581686,0.000110273109945382
-0.000179120983592352,4.75958601430864e-05
-0.000223989166524079,-1.53591783409232e-05
-0.000257085840398715,-6.931021040231e-05
-0.000276371154645781,-0.000100164568934939
-0.000280406036557684,-9.95444454348171e-05
-0.000272711210416129,-7.65250862523508e-05
-0.000255698176232225,-3.72348437221309e-05
-0.000229750881666949,1.29426086637658e-05
-0.000195607341509219,6.6797659263177e-05
-0.000154347010284178,0.000115974209186575
-0.000107390022613213,0.000152327562712164
-5.63929328561263e-05,0.000169379624975077
-3.20158748014652e-06,0.000163030788628132
9.23049608790153e-05,0.000167201742848376
0.00018073051650181,0.000233719281566409
0.000254702024177286,0.000331858175603666
0.000307633692119897,0.000417241360899222
0.000335734240513077,0.000439284784891802
0.000321860834081592,0.000359485736266351
0.000267041804803406,0.000205295986668434
0.000179127436219426,4.5428839450129e-05
9.85060123195903e-05,-2.02551810896079e-05
1.48878965392293e-05,-4.24419204442778e-05
-6.4273531513595e-05,-5.31164751857756e-05
-0.0001325742118238,-8.1607107317597e-05
-0.000184882445946027,-0.000131934981866043
-0.000217029937040435,-0.000168552217534355
-0.000226123596807491,-0.000171490558122679
-0.000210975509764345,-0.000136847983707878
-0.000194833720823046,-0.00010935340047378
-0.000173326274676055,-7.87815072702292e-05
-0.000146892390784238,-4.86171037084491e-05
-0.000116103078053902,-2.25626175681308e-05
-8.16321804804688e-05,-1.88050205940047e-06
-4.43225559847674e-05,3.58159776336077e-06
-5.08015715260214e-06,-8.47497657018721e-06
3.52122891538042e-05,-2.10891792609045e-05
7.27774592040631e-05,-1.69842679602978e-05
0.000110095702941739,-4.96796871524472e-07
0.000146638580969014,2.73318924940093e-05
0.000181881192008364,6.47021645581942e-05
0.000268287262503816,0.000197484974445256
0.000330432509983043,0.000312266855459983
0.000359994298965022,0.000350684355207773
0.0003520231008668,0.000287531556944288
0.000324445703093242,0.0001918319134206
0.000280408796220211,7.55797263705439e-05
0.000222537083350813,-3.8535423354034e-05
0.000154592804678199,-0.000128599506425723
8.1339428883815e-05,-0.000171479485890865
7.88620365520397e-06,-0.000180855510640543
-6.11779183544484e-05,-0.000185348160220187
-0.000121990796314164,-0.000206555569458361
-0.000172054505855115,-0.000247195755763118
-0.000207684711538374,-0.000283464885523767
-0.000226755532294176,-0.000299288847627117
-0.000227978435058059,-0.000286462541516851
-0.00020921249955432,-0.00024173520432236
-0.000170982555308611,-0.000180994338011369
-0.0001161718586489,-0.00012568493844394
-4.92174164283309e-05,-9.82538217652801e-05
2.41381012506553e-05,-0.000104293257384615
9.84294421144899e-05,-9.45862971812883e-05
0.000168836931668438,-4.0144035131753e-05
0.000231029586763079,4.79867829046269e-05
0.000290654553818574,0.000154573584332952
0.000324713093362822,0.000214287213957464
0.000328558204319238,0.000198447624466816
0.000300558685042988,0.000109272755005101
0.000264022631898636,2.19605407168674e-05
0.000215245915312304,-6.75866214280252e-05
0.000156750525723218,-0.000142527535878892
9.17447082902992e-05,-0.000188830926049982
2.40983253622938e-05,-0.000186409829265054
-4.24261530342231e-05,-0.000170646628701593
-0.000104719405508599,-0.000183046457281377
-0.000160275479103231,-0.000225414383263755
-0.000204607023443077,-0.000273343104995097
-0.000239133613212962,-0.000317015137087985
-0.000262365089993422,-0.000345026400476553
-0.000273192443991748,-0.000349553022910528
-0.000272179539576387,-0.000332416094590697
-0.000261808128502323,-0.000297634296110858
-0.000242333389382882,-0.000249213727492519
-0.000214354204954755,-0.000193332071070067
-0.000178806485463207,-0.000137727881984837
-0.000136973999018711,-9.05376926377336e-05
-9.03974985730681e-05,-5.87463344835401e-05
-4.08341441777713e-05,-4.74473009722164e-05
4.98689933613537e-05,-4.59843793039898e-05
0.000134964780825197,-1.26186818382647e-05
0.000206576756278122,6.2282718889588e-05
0.000258071277148455,0.000144479635176848
0.000282936779586495,0.000180820603634147
0.000283411607710078,0.000165710073224521
0.000258674394165227,0.000101527623553938
0.000210280882880005,9.70240444321768e-06
0.000183407467608629,-2.90498242872675e-05
0.000153397445958701,-6.36069411425227e-05
0.000120765486665164,-9.13640328807262e-05
8.60854930005071e-05,-0.000110110068028496
4.99829822610364e-05,-0.000117820733052618
1.31187121753377e-05,-0.000115462746725363
-2.38843476882967e-05,-0.000108670960670179
-6.04675214359482e-05,-0.00010716545759355
-0.000100058682889252,-0.000119805368829182
-0.000137945484294637,-0.00014417441543739
-0.000173531192203708,-0.000177490911746826
-0.000206237488043786,-0.000216361732409483
-0.00028014450302866,-0.00032694687564602
-0.000313477685126739,-0.000364705923825922
-0.000299930636406511,-0.000292612999194301
-0.000240602585063514,-0.000143456903377366
-0.000205684142721299,-8.12989807133717e-05
-0.000165826773098247,-2.69248983203354e-05
-0.000122218033343832,1.42590919556486e-05
-7.61861500035819e-05,3.82497912227495e-05
-2.91996636886776e-05,3.86911580729993e-05
1.73182252392236e-05,2.97494411823692e-05
6.21487019943998e-05,2.99228187358944e-05
0.000104268823034546,4.52636718989239e-05
0.000157443296073663,8.58734027654702e-05
0.000200935454528438,0.000134545911126616
0.000232594873499306,0.000176143924160274
0.000250693943236405,0.000198263440153931
0.000252314995972657,0.000185957647462907
0.000229483798125538,0.000133205504012006
0.000183694391627601,5.84222334371093e-05
0.000118792939267785,-9.04445520307707e-06
4.10199489120416e-05,-1.9247109217028e-05
-4.21853580490808e-05,-1.09167795737256e-05
-0.000124084812733093,-4.1801501275448e-05
-0.000198833786038346,-0.000119352446174326
-0.000255618813636469,-0.000204657085711549
-0.00029865788984255,-0.000278371708033477
-0.000324936853775995,-0.000318491049184795
-0.00033230932190003,-0.000311565168734604
-0.000326117902711801,-0.000278820122619629
-0.000311046102889378,-0.000226882155437718
-0.000287430019774011,-0.000160970185770036
-0.000255922591868613,-8.80580977354952e-05
-0.000217483254682647,-1.62753603592273e-05
-0.000173378231927097,4.62750250937048e-05
-0.00012509373789945,9.2825444587788e-05
-7.42966037252359e-05,0.000118585340882975
-1.25176882181619e-06,0.000111140057928783
6.8336339468607e-05,9.90333383377187e-05
0.000130586730556097,0.000122516746569828
0.000182398711391534,0.000173798172646502
0.000221148602517625,0.000220445312810045
0.000244343850356211,0.000247410493816758
0.000250381592462953,0.000244019389171504
0.000238613524567439,0.000209029130434438
0.000212062127113821,0.000155054174776422
0.000171849771478141,9.46928835805667e-05
0.000120217363141405,4.35032541868109e-05
6.02252066450201e-05,1.61388041721754e-05
-4.31095068906562e-06,2.50475945935883e-05
-6.97061360666607e-05,3.21523779291109e-05
-0.000132792056201309,3.15295303391508e-06
-0.00019081428281804,-5.95674092786824e-05
-0.000244441448251843,-0.00013830345960369
-0.000286180091205684,-0.00020981827157389
-0.000313413721600483,-0.000255204892557968
-0.000324176098217158,-0.000261607643227332
-0.000321076525332645,-0.00023906785441858
-0.000308856339211977,-0.000196045856983022
-0.000287739005192522,-0.00013702270348012
-0.000258277696272936,-6.85786191898087e-05
-0.000221349016885859,1.19599324418577e-06
-0.000178163057290698,6.38174778400751e-05
-0.000130179697227542,0.00011189048564372
-7.90710794435585e-05,0.000139818515531966
-4.49939514990906e-06,0.000132025870412347
6.75143029469873e-05,0.000117912376318664
0.000132863865200453,0.000142579401201708
0.000188254837154491,0.000198911289871791
0.000230864641021612,0.000252534381395234
0.00025794137787864,0.000286481800587154
0.000267629408863126,0.000287903939938724
0.000259038462984711,0.000253709373825145
0.000231903462366641,0.000189601286643037
0.000187894606482038,0.00011457256649525
0.000129990413823758,4.9810628942342e-05
6.23800443639663e-05,1.50636109073338e-05
-9.69536777396033e-06,2.2341998113742e-05
-8.12839282927195e-05,2.50844421951424e-05
-0.000148168452442057,-1.28791679881027e-05
-0.000206726550928101,-8.369366084181e-05
-0.000255990166976763,-0.000159320556866681
-0.000288600061945442,-0.000212177396375984
-0.000301862951527122,-0.000223954729781374
-0.000294282115084443,-0.000188637565390705
-0.000276901009688752,-0.000140317408525085
-0.000250085758271555,-7.96357243037277e-05
-0.000214677479992057,-1.47652527607916e-05
-0.000171900768343435,4.52837072401244e-05
-0.000123289121880432,9.43741577174414e-05
-7.08023266883038e-05,0.000116787613520845
-1.65321684078845e-05,0.000109001429258717
3.75093605181253e-05,9.48103640022784e-05
9.95406882355348e-05,0.000108613749393688
0.000156397119728532,0.00014920440426773
0.000205778291690265,0.000204325646154355
0.000245566503451622,0.000259629078962373
0.000286388644270435,0.000313974077338692
0.000286874663387295,0.000285150322081703
0.000245885281583771,0.000179375112314603
0.000168804931308515,5.0674398611309e-05
9.03141582342837e-05,-4.75876874090229e-06
4.93022786522405e-06,-2.37917432105522e-05
-7.94723378072896e-05,-4.14687557707788e-05
-0.00015585655005173,-8.69729093436961e-05
-0.000218266539784275,-0.00016195525885154
-0.000261516939266593,-0.00022453667670763
-0.000281617221380768,-0.000246415639791853
-0.000276260271876208,-0.000215565949996613
-0.000251751589454625,-0.000152769814277464
-0.000210326738617029,-7.42073061684694e-05
-0.000154581626855856,-4.55485452173585e-07
-8.8317665765699e-05,4.80583506602591e-05
-1.65337870205471e-05,3.97096711543351e-05
5.56849329312598e-05,1.978102772067e-05
0.000124083585227179,4.17787056892522e-05
0.000185180391631581,0.000103823172463346
0.000229402838103992,0.000163532819249099
0.000263937227433574,0.000216878694212789
0.000287142386464602,0.00025181288999935
0.000297768734894855,0.000259981664589982
0.000295997911427673,0.000241548556781511
0.000283504131635392,0.000200933139342919
0.000260575758454696,0.000143415968999937
0.000227955792074157,7.71150237265943e-05
0.000186830676104595,1.21079067225136e-05
0.000138843375687897,-4.12981618664254e-05
8.59555065829826e-05,-7.46734625812803e-05
3.03858249951911e-05,-8.24692757907042e-05
-6.24753270095496e-05,-8.46965451235604e-05
-0.000147621316591478,-0.000125551021390997
-0.000217575352689327,-0.000200897909357569
-0.000266077450366273,-0.00027374515987524
-0.000287832636644218,-0.000296263259216701
-0.000282431042661492,-0.000261180450516008
-0.000249743530369979,-0.000177175679884682
-0.000192539828262475,-7.36652136726795e-05
-0.00010992731102057,2.63036443724681e-06
-1.59515302697054e-05,3.65487297573205e-05
7.8692418793229e-05,5.93967205591995e-05
0.000164179032917238,0.000110143110443241
0.000224481088131786,0.000185194716542214
0.000266954138001466,0.000247640871470938
0.000287968669681505,0.000271466130297083
0.000285334233909417,0.000244713038783406
0.000264436132933631,0.000185549464409809
0.000227496953097463,0.000107804747426842
0.000176627047962104,2.96138793907278e-05
0.000115013936914224,-2.99416788344003e-05
4.68845335200852e-05,-4.44649047906128e-05
-2.31989370326135e-05,-3.92982529283397e-05
-9.11810222451824e-05,-5.24476260593244e-05
-0.000153596814537925,-9.55029273876476e-05
-0.000215860387143457,-0.00016910267059213
-0.0002615600250474,-0.000235988349091812
-0.000286979462796692,-0.000269368192008718
-0.000289677259568782,-0.000254407936582407
-0.000272528446986464,-0.00020055908166023
-0.000237895446290337,-0.000122680897582141
-0.000187820440468385,-3.97524595137088e-05
-0.000125601227619162,2.70025201278145e-05
-5.5741170743434e-05,4.87031475522156e-05
1.67571375494528e-05,4.75790960306782e-05
8.73712532994579e-05,6.07446855339627e-05
0.000152199945725599,0.000103121782345804
0.000229929100915816,0.000198661366773898
0.000278264556669332,0.000268524967605346
0.000290435789112092,0.000266248286886407
0.000263868119930071,0.000186141461952319
0.000243597129352197,0.000140905951776288
0.000218275253352503,9.30797415207834e-05
0.000188422107348365,4.66473004164653e-05
0.000154679909040373,5.57077613447271e-06
0.000117801129082728,-2.64881259601553e-05
7.86379657281253e-05,-4.62905858402072e-05
3.80979413447691e-05,-5.20383059684784e-05
-2.87973962251632e-06,-4.39500300845353e-05
-6.60636925831406e-05,-3.9604195274658e-05
-0.000125502498572712,-6.70839850029791e-05
-0.000178796689103985,-0.000116507248382302
-0.00022368685956854,-0.000174462320764816
-0.000273538152058937,-0.000248509878267857
-0.000288999539386851,-0.000256695803040118
-0.000267074682961565,-0.00018701866366011
-0.000209712275601523,-7.05437066899984e-05
-0.000120418982815637,2.05416516517177e-05
-1.48791463836917e-05,6.68235377554191e-05
9.20811900636535e-05,0.000102841200742349
0.000186681497603845,0.000170141734753047
0.000248460894795229,0.000254806921873396
0.000287085785196607,0.000310357424336585
0.00029841742736954,0.000308190975546604
0.000280701868151672,0.000243853938106619
0.000248931206841606,0.000166199235549768
0.000203164897472601,8.25014229236107e-05
0.000146104461216949,1.11537822076351e-05
8.13172524585035e-05,-3.17734133990915e-05
1.32134537414996e-05,-2.25939817500266e-05
-5.3910010840667e-05,-3.21759103109964e-06
-0.000116518307536141,-2.06343125890379e-05
-0.000171759279745616,-7.23999677195997e-05
-0.000212344780642377,-0.000122878552872723
-0.000243466769924114,-0.000167461482020616
-0.000263711477737215,-0.000195892908872032
-0.00027202792106388,-0.000201335637871189
-0.000269392792218825,-0.000186233561585685
-0.000258003261064022,-0.000154900279011214
-0.000238078335985657,-0.000111086821837753
-0.000210140935182662,-6.04511532695999e-05
-0.000175012956041301,-1.00408388456099e-05
-0.000133825742706592,3.26727362481229e-05
-8.79458243026888e-05,6.11473288817425e-05
-3.89417411904073e-05,7.0416226833441e-05
5.48172317464955e-05,7.19095244227561e-05
0.000144438800351958,0.000110743814025169
0.000221993093165886,0.000195836329903517
0.000280633288003458,0.000291147378807871
0.00031376571492261,0.000339940974430246
0.000320290142967435,0.000325439544403566
0.00029885054076489,0.000246867450602932
0.000250929213296955,0.000127919774216732
0.000201933095631627,4.00142454943258e-05
0.000143985233328097,-3.04088230598498e-05
8.03723493032947e-05,-7.05025211968256e-05
1.47845266653727e-05,-7.35673617471036e-05
-4.90077394343809e-05,-6.71504353560077e-05
-0.000108087596648919,-8.41985644892044e-05
-0.000159944813502444,-0.000122871039977714
-0.000202338368611719,-0.00017085863659978
-0.000243009322287699,-0.000223079798774365
-0.000255181145334767,-0.000227895817050881
-0.000236936601516195,-0.000177773989830615
-0.000189646501303359,-9.32853379065957e-05
-0.000109606423380015,-2.11627482687808e-05
-1.18631045708738e-05,1.59443315188803e-05
9.0873270064759e-05,4.85990127813738e-05
0.000186380034394135,0.000118957549594338
0.000255314123949468,0.000219226645275257
0.000304307363998299,0.000301420658003938
0.000328434635733468,0.000330291177737405
0.000324710733057165,0.000290073225947434
0.000300402751518976,0.000209621399253364
0.00025829601092611,0.000106561770966239
0.000201075352388122,4.1324946343599e-06
0.000132739894279802,-7.4360809314126e-05
5.85024583394583e-05,-0.000100138649638956
-1.61116247410853e-05,-9.93889370128875e-05
-8.62554211559487e-05,-0.000111454881262713
-0.000147890871696703,-0.000149344128942099
-0.000210554021876247,-0.000217359004706384
-0.00024591756705957,-0.000258869434340189
-0.000249730918710048,-0.000245061273218464
-0.000220983019930512,-0.000177919206966399
-0.000198236478878404,-0.000138262921160875
-0.000170043600339554,-9.84721526310548e-05
-0.000137088084138027,-6.30493714527329e-05
-0.000100200827188607,-3.62795351479829e-05
-6.03422297826897e-05,-2.20127743482103e-05
-1.8585123246186e-05,-2.13262252621056e-05
2.40229847894074e-05,-2.82058692696317e-05
6.65178315634212e-05,-2.86692209605108e-05
0.00010883351748347,-1.12588922029102e-05
0.000149369494170092,1.99408950338649e-05
0.000187324672614504,6.1437072472151e-05
0.000221923017151583,0.000108841687681968
0.000290900704913931,0.000224823812213317
0.000321496590598569,0.000266687746266763
0.000307560206043291,0.000200653443064984
0.000249681865593013,5.68656124520382e-05
0.00021752272390862,-1.69661348762334e-06
0.000180871922938705,-5.47553060787359e-05
0.000140631138608366,-9.76971211826977e-05
9.7817603849079e-05,-0.000126815205338155
5.35502764090848e-05,-0.000138322029348491
8.98089379899479e-06,-0.000136412047521191
-3.48370715963821e-05,-0.000131212774541738
-7.69829446522363e-05,-0.000134427091605953
-0.000120540911485722,-0.000154819345657869
-0.000160173840512363,-0.000186467657892745
-0.00019496755180361,-0.000223575180825634
-0.000224077908502984,-0.000260056006743886
-0.000252015259217941,-0.000296700688334044
-0.000267918601486735,-0.000312558062032026
-0.000270920833978398,-0.000302428604057955
-0.000260703405653792,-0.00026664434059814
-0.000237538512657493,-0.00021080346680482
-0.000202430913775122,-0.000145971011768495
-0.000157041302928835,-8.47788117956319e-05
-0.000103655691748531,-3.97932321767884e-05
-3.76476537126085e-05,-3.21301103875212e-05
3.03870728199684e-05,-4.08051149620529e-05
9.65668615949285e-05,-2.61054272640656e-05
0.000157574813653776,2.06827381438805e-05
0.000210481702358092,8.51750678380893e-05
0.000252389771628528,0.000148808600089477
0.000280869195328506,0.00019424994018128
0.000294045242670053,0.000208792449667532
0.000292453092022941,0.000192454986996469
0.000279239135377307,0.000152319370136295
0.000254712643593694,9.42503910910519e-05
0.000219718194949213,2.74316621408335e-05
0.000175621227611781,-3.67076727872392e-05
0.00012432346982068,-8.66492824988937e-05
6.80872085441647e-05,-0.000113300793795156
9.45712144604909e-06,-0.000111188680395572
-8.34882124941395e-05,-0.000114466379744131
-0.000167760125207263,-0.00017079973749221
-0.000236187940804516,-0.000254580083644242
-0.000282592075215368,-0.000324963449437006
-0.000299042803669802,-0.000342317986102526
-0.00030176545936882,-0.000328228950321554
-0.000290382649862282,-0.000283342524071376
-0.000265238202645782,-0.000214681250705243
-0.000227414122327584,-0.000134526644974834
-0.000178842235639315,-5.85554895046008e-05
-0.000122095280332088,-1.11014846554766e-06
-6.02970103052551e-05,2.68741500024899e-05
3.15141276437904e-05,2.69211839790064e-05
0.000117110543155091,4.35503750865603e-05
0.000188652270747682,0.000103985407551043
0.000239809211606262,0.000177857652395202
0.000263104621107799,0.000208515368988905
0.000266806967931723,0.000201166268022899
0.000250188640603862,0.00015558510470602
0.000214029538381998,8.42533664027362e-05
0.000192246884103619,5.0132470540632e-05
0.000167365932454516,1.76471897433601e-05
0.000139757680587622,-1.09668886910288e-05
0.00010984611847565,-3.3638064593426e-05
7.80925128008054e-05,-4.95768308328692e-05
4.50272982202842e-05,-5.41665234292282e-05
1.11969653642843e-05,-4.69132110611773e-05
-2.28799896967764e-05,-3.69170807738277e-05
-8.67895412531722e-05,-4.40570307145214e-05
-0.000147426301347969,-8.31725165558595e-05
-0.000202299739955412,-0.000144063472473162
-0.000249045967044592,-0.000212662176036245
-0.000301766984786322,-0.000299225539239302
-0.000320812939503668,-0.000312582986219733
-0.000302694430345793,-0.000237550278579282
-0.000248735580011854,-0.000103165178380334
-0.000221905844978523,-5.27991531249488e-05
-0.000191777177666213,-5.94253603717047e-06
-0.000158889557780124,3.45050409386138e-05
-0.000123846805860549,6.60589035356136e-05
-8.72946567416544e-05,8.78389035060443e-05
-4.9952415435835e-05,9.52156799968131e-05
-1.25426123845905e-05,8.83300542888597e-05
2.42649232938897e-05,7.79069759263516e-05
7.70794332363862e-05,8.15342581708133e-05
0.000125738949240175,0.000105855378846259
0.000168773497671979,0.000143228651175599
0.000204815771940282,0.000184724849655551
0.00025175747292851,0.000244477940657443
0.000257181313738553,0.000232704262067889
0.000219231645885158,0.000147931622335799
0.000143047091925209,4.11929623920384e-05
7.22454224246404e-05,6.3155220496907e-06
-5.47853510925455e-06,-2.07159759206018e-06
-8.41054079402302e-05,-1.83956865743501e-05
-0.000158176007412269,-6.67864975494202e-05
-0.000222888630090151,-0.000147768439634291
-0.00027379583994177,-0.000228779001674712
-0.000307106931376887,-0.000282633219024936
-0.00031998712400649,-0.000290197881906697
-0.000304453149443798,-0.000221346334500711
-0.000254368352538541,-9.75993427116621e-05
-0.000175376384805939,2.99305647566253e-05
-7.76723049986671e-05,0.000106392906290578
-4.4105333726624e-06,9.85529915874606e-05
6.63500803147837e-05,8.45965631550241e-05
0.000130611708519374,0.000108543065948508
0.000185159208977226,0.00016368223009954
0.000227232155356593,0.000216792324650421
0.000254136556741952,0.000251420073011692
0.000264036639603682,0.000254925203171515
0.000256020232611649,0.000223953579680567
0.000214107405214115,0.000120893698507746
0.000142245520879491,4.06800853464163e-05
5.06146685731078e-05,4.20073754752914e-05
-4.84614927224612e-05,6.9493258242608e-05
-0.000126052663389634,3.65783090909551e-05
-0.000195088922925899,-3.48664267173528e-05
-0.000250520402174664,-0.000117538263128342
-0.000287927835957319,-0.000181410627684938
-0.000303802284658107,-0.000191532157060703
-0.000276854479104252,-0.000112889793878062
-0.000209531394345732,1.65486870322416e-05
-0.000111391132062954,0.000125088394089786
-3.75467951512844e-05,0.000132888346694791
3.73904120546549e-05,0.00012214386840617
0.000108861756258789,0.000140507813217142
0.000173075283677389,0.000194044372845807
0.000226747246832212,0.000260394820930479
0.000266643325804826,0.000317362556301766
0.000290230107358058,0.000346044966041038
0.000295786597684882,0.000335514776271158
0.000288027925509952,0.000301963020046084
0.000270466618089006,0.000250789261467104
0.000243622750909238,0.000188321680636602
0.000208406662292918,0.000122718400545227
0.000166099716287687,6.3163940667133e-05
0.000118343045517093,1.81958769459441e-05
6.70094426991291e-05,-5.7799580217154e-06
1.41451730925477e-05,-5.23017465850161e-06
-7.58926517735996e-05,-8.17039815363704e-06
-0.000155996648851881,-5.70920707391924e-05
-0.000218965981261089,-0.000130325463971025
-0.000258796952885196,-0.000189733771620561
-0.00026326450889121,-0.000195451258359844
-0.000266736932084396,-0.000199206698640854
-0.000269195829837624,-0.000200905646650168
-0.00027062615558466,-0.000200488907844426
