0
0.909090909090909
1.81818181818182
2.72727272727273
3.63636363636364
4.54545454545454
5.45454545454545
6.36363636363636
7.27272727272727
8.18181818181818
9.09090909090909
10
10.9090909090909
11.8181818181818
12.7272727272727
13.6363636363636
14.5454545454545
15.4545454545455
16.3636363636364
17.2727272727273
18.1818181818182
19.0909090909091
20
20.9090909090909
21.8181818181818
22.7272727272727
23.6363636363636
24.5454545454545
25.4545454545455
26.3636363636364
27.2727272727273
28.1818181818182
29.0909090909091
30
30.9090909090909
31.8181818181818
32.7272727272727
33.6363636363636
34.5454545454545
35.4545454545455
36.3636363636364
