0
0.0200553496781494
0.0401106993562987
0.0601660490344481
0.0802213987125975
0.100276748390747
0.120332098068896
0.140387447747046
0.160442797425195
0.185102728376873
0.209762659328552
0.23442259028023
0.259082521231909
0.286423633441874
0.313764745651839
0.341105857861804
0.368446970071769
0.395788082281734
0.423129194491699
0.450470306701663
0.477811418911628
0.499807108209427
0.521802797507225
0.543798486805023
0.565794176102821
0.587789865400619
0.609785554698417
0.631781243996216
0.653776933294014
0.695904211366329
0.738031489438645
0.780158767510961
0.822286045583276
0.837394575087665
0.852503104592053
0.867611634096441
0.882720163600829
0.897828693105217
0.912937222609605
0.928045752113994
0.943154281618382
0.955843792005304
0.968533302392227
0.98122281277915
0.993912323166072
1.02106580900216
1.04821929483824
1.07537278067433
1.10252626651041
1.13586395717294
1.16920164783546
1.20253933849799
1.23587702916052
1.26400045994334
1.29212389072617
1.32024732150899
1.34837075229182
1.3722148935671
1.39605903484239
1.41990317611768
1.44374731739297
1.46666552540688
1.48958373342079
1.5125019414347
1.53542014944861
1.5631096937578
1.59079923806699
1.61848878237619
1.64617832668538
1.68244350520245
1.71870868371952
1.7549738622366
1.79123904075367
1.81240086150193
1.83356268225019
1.85472450299844
1.8758863237467
1.89704814449496
1.91820996524322
1.93937178599147
1.96053360673973
1.97969523698819
1.99885686723666
2.01801849748512
2.03718012773358
2.05634175798205
2.07550338823051
2.09466501847897
2.11382664872744
2.13863550961316
2.16344437049888
2.18825323138461
2.21306209227033
2.24738167733954
2.28170126240875
2.31602084747797
2.35034043254718
2.38056364481061
2.41078685707405
2.44101006933749
2.47123328160092
2.49936772911496
2.527502176629
2.55563662414303
2.58377107165707
2.61027823228358
2.6367853929101
2.66329255353661
2.68979971416312
2.7161453757085
2.74249103725387
2.76883669879925
2.79518236034462
2.81724135243571
2.8393003445268
2.86135933661789
2.88341832870898
2.91133932129268
2.93926031387639
2.9671813064601
2.9951022990438
3.02306065469247
3.05101901034113
3.07897736598979
3.10693572163845
3.1274439379025
3.14795215416656
3.16846037043061
3.18896858669466
3.20947680295871
3.22998501922276
3.25049323548681
3.27100145175086
3.29883457818734
3.32666770462381
3.35450083106029
3.38233395749676
3.41324650789868
3.4441590583006
3.47507160870252
3.50598415910444
3.52841993882813
3.55085571855182
3.57329149827551
3.5957272779992
3.61092824822028
3.62612921844137
3.64133018866246
3.65653115888354
3.67173212910463
3.68693309932572
3.7021340695468
3.71733503976789
3.73684902449997
3.75636300923205
3.77587699396413
3.79539097869621
3.82058902808963
3.84578707748306
3.87098512687648
3.8961831762699
3.92705079273362
3.95791840919733
3.98878602566104
4.01965364212476
4.03698750460161
4.05432136707847
4.07165522955533
4.08898909203219
4.10632295450904
4.1236568169859
4.14099067946276
4.15832454193961
4.17573138508338
4.19313822822716
4.21054507137093
4.2279519145147
4.25013400784188
4.27231610116907
4.29449819449625
4.31668028782343
4.33886238115062
4.3610444744778
4.38322656780499
4.40540866113217
4.43623893591417
4.46706921069617
4.49789948547817
4.52872976026017
4.55714153969327
4.58555331912638
4.61396509855949
4.64237687799259
4.666872982393
4.69136908679341
4.71586519119381
4.74036129559422
4.75651587516775
4.77267045474127
4.7888250343148
4.80497961388832
4.82113419346184
4.83728877303537
4.85344335260889
4.86959793218242
4.89384279222582
4.91808765226923
4.94233251231263
4.96657737235604
4.98822963850657
5.00988190465709
5.03153417080762
5.05318643695815
5.07483870310867
5.0964909692592
5.11814323540973
5.13979550156025
5.16131745180374
5.18283940204723
5.20436135229073
5.22588330253422
5.25317386801671
5.28046443349919
5.30775499898168
5.33504556446417
5.36021245684561
5.38537934922704
5.41054624160848
5.43571313398991
5.45568686979206
5.47566060559421
5.49563434139635
5.5156080771985
5.53558181300065
5.55555554880279
5.57552928460494
5.59550302040709
5.62960640804802
5.66370979568896
5.69781318332989
5.73191657097083
5.76369331660603
5.79547006224124
5.82724680787644
5.85902355351164
5.88132996258899
5.90363637166633
5.92594278074368
5.94824918982102
5.97055559889837
5.99286200797571
6.01516841705306
6.0374748261304
6.05646194920974
6.07544907228908
6.09443619536843
6.11342331844777
6.1443227198444
6.17522212124104
6.20612152263768
6.23702092403431
6.25973852654875
6.28245612906319
6.30517373157764
6.32789133409208
6.35060893660652
6.37332653912096
6.3960441416354
6.41876174414984
6.45471243035389
6.49066311655793
6.52661380276198
6.56256448896603
6.59718181618015
6.63179914339427
6.66641647060839
6.7010337978225
6.71871651720571
6.73639923658892
6.75408195597212
6.77176467535533
6.78944739473853
6.80713011412174
6.82481283350494
6.84249555288815
6.86620650369314
6.88991745449814
6.91362840530314
6.93733935610813
6.95659259632259
6.97584583653706
6.99509907675152
7.01435231696598
7.04076133436465
7.06717035176333
7.093579369162
7.11998838656067
7.14700440299474
7.17402041942882
7.2010364358629
7.22805245229697
7.24930109536287
7.27054973842876
7.29179838149466
7.31304702456055
7.32866865730987
7.34429029005919
7.35991192280851
7.37553355555782
7.39115518830714
7.40677682105646
7.42239845380578
7.4380200865551
7.46556732816347
7.49311456977185
7.52066181138022
7.54820905298859
7.58080042153795
7.6133917900873
7.64598315863666
7.67857452718601
7.70554689090538
7.73251925462474
7.75949161834411
7.78646398206347
7.80771901226624
7.82897404246901
7.85022907267178
7.87148410287455
7.89273913307732
7.91399416328009
7.93524919348286
7.95650422368563
7.97882542400831
8.001146624331
8.02346782465368
8.04578902497637
8.06909023992315
8.09239145486993
8.1156926698167
8.13899388476348
8.16229509971026
8.18559631465704
8.20889752960382
8.2321987445506
8.2502937540557
8.2683887635608
8.2864837730659
8.304578782571
8.3226737920761
8.3407688015812
8.3588638110863
8.3769588205914
8.40622902172688
8.43549922286237
8.46476942399785
8.49403962513333
8.52583405009212
8.55762847505092
8.58942290000971
8.6212173249685
8.63669601220408
8.65217469943965
8.66765338667523
8.6831320739108
8.69861076114638
8.71408944838195
8.72956813561753
8.7450468228531
8.76290481634501
8.78076280983691
8.79862080332882
8.81647879682072
8.83433679031262
8.85219478380453
8.87005277729643
8.88791077078834
8.91004550960955
8.93218024843076
8.95431498725198
8.97644972607319
8.98479838199633
8.99314703791946
9.0014956938426
9.00984434976574
9.01819300568887
9.02654166161201
9.03489031753515
9.04323897345828
9.05169109534069
9.06014321722309
9.0685953391055
9.0770474609879
9.10987201268895
9.14269656439001
9.17552111609106
9.20834566779211
9.23279755908792
9.25724945038372
9.28170134167953
9.30615323297534
9.33060512427115
9.35505701556696
9.37950890686276
9.40396079815857
9.43036891853877
9.45677703891897
9.48318515929917
9.50959327967936
9.53552827599616
9.56146327231295
9.58739826862974
9.61333326494654
9.63910399454758
9.66487472414862
9.69064545374966
9.7164161833507
9.73830654778195
9.76019691221321
9.78208727664446
9.80397764107571
9.82409604723968
9.84421445340366
9.86433285956763
9.8844512657316
9.90456967189557
9.92468807805954
9.94480648422351
9.96492489038748
9.99593720048694
10.0269495105864
10.0579618206859
10.0889741307853
10.0990860051764
10.1091978795675
10.1193097539586
10.1294216283497
10.1395335027408
10.1496453771319
10.159757251523
10.1698691259141
10.1803748074952
10.1908804890764
10.2013861706575
10.2118918522386
10.2432726326337
10.2746534130289
10.306034193424
10.3374149738191
10.349896793037
10.3623786122549
10.3748604314728
10.3873422506907
10.3998240699087
10.4123058891266
10.4247877083445
10.4372695275624
10.4491477581223
10.4610259886821
10.472904219242
10.4847824498018
10.5160844385479
10.5473864272941
10.5786884160402
10.6099904047863
10.6225367689523
10.6350831331184
10.6476294972844
10.6601758614504
10.6727222256165
10.6852685897825
10.6978149539485
10.7103613181146
10.7225648426808
10.734768367247
10.7469718918132
10.7591754163794
10.7886770672571
10.8181787181349
10.8476803690126
10.8771820198904
10.9003846980544
10.9235873762185
10.9467900543826
10.9699927325466
10.9881282280239
11.0062637235012
11.0243992189784
11.0425347144557
11.060670209933
11.0788057054103
11.0969412008875
11.1150766963648
11.1386023973262
11.1621280982876
11.185653799249
11.2091795002103
11.2327052011717
11.2562309021331
11.2797566030945
11.3032823040559
11.3232672450162
11.3432521859766
11.363237126937
11.3832220678973
11.4029866655267
11.422751263156
11.4425158607854
11.4622804584147
11.4820450560441
11.5018096536734
11.5215742513028
11.5413388489321
11.5658183339294
11.5902978189268
11.6147773039241
11.6392567889214
11.6624566164064
11.6856564438914
11.7088562713765
11.7320560988615
11.7413474351932
11.750638771525
11.7599301078568
11.7692214441886
11.7785127805204
11.7878041168521
11.7970954531839
11.8063867895157
11.8196101629898
11.8328335364639
11.846056909938
11.8592802834121
11.8876782696317
11.9160762558512
11.9444742420708
11.9728722282904
11.9947008736249
12.0165295189593
12.0383581642937
12.0601868096281
12.0820154549626
12.103844100297
12.1256727456314
12.1475013909659
12.1659121783937
12.1843229658216
12.2027337532494
12.2211445406773
12.2527233539139
12.2843021671505
12.315880980387
12.3474597936236
12.3671515399983
12.386843286373
12.4065350327476
12.4262267791223
12.4459185254969
12.4656102718716
12.4853020182462
12.5049937646209
12.5278290397605
12.5506643149001
12.5734995900397
12.5963348651793
12.6191701403189
12.6420054154585
12.6648406905982
12.6876759657378
12.7076358270721
12.7275956884064
12.7475555497408
12.7675154110751
12.79580110842
12.8240868057649
12.8523725031098
12.8806582004547
12.9089438977995
12.9372295951444
12.9655152924893
12.9938009898342
13.0237109924532
13.0536209950722
13.0835309976912
13.1134410003102
13.1255211972021
13.137601394094
13.149681590986
13.1617617878779
13.1738419847699
13.1859221816618
13.1980023785538
13.2100825754457
13.2210767595026
13.2320709435595
13.2430651276164
13.2540593116733
13.2847452037757
13.3154310958782
13.3461169879807
13.3768028800832
13.3989668895145
13.4211308989459
13.4432949083772
13.4654589178086
13.4876229272399
13.5097869366713
13.5319509461026
13.554114955534
13.5824361719175
13.610757388301
13.6390786046845
13.667399821068
13.6861609569088
13.7049220927495
13.7236832285902
13.742444364431
13.7612055002717
13.7799666361125
13.7987277719532
13.8174889077939
13.8347148473117
13.8519407868295
13.8691667263473
13.8863926658651
13.9035422364604
13.9206918070556
13.9378413776509
13.9549909482462
13.9670777111007
13.9791644739552
13.9912512368098
14.0033379996643
14.0154247625188
14.0275115253734
14.0395982882279
14.0516850510824
14.0651142250943
14.0785433991062
14.091972573118
14.1054017471299
14.1366702560607
14.1679387649914
14.1992072739222
14.2304757828529
14.249961175823
14.2694465687931
14.2889319617632
14.3084173547333
14.3279027477034
14.3473881406735
14.3668735336436
14.3863589266137
14.4051096535276
14.4238603804415
14.4426111073554
14.4613618342694
14.4752946384476
14.4892274426258
14.5031602468039
14.5170930509821
14.5310258551603
14.5449586593385
14.5588914635167
14.5728242676949
14.5979964505724
14.6231686334498
14.6483408163273
14.6735129992048
14.704494299224
14.7354755992432
14.7664568992624
14.7974381992816
14.8089012686137
14.8203643379459
14.831827407278
14.8432904766102
14.8547535459423
14.8662166152744
14.8776796846066
14.8891427539387
14.9009454442936
14.9127481346485
14.9245508250033
14.9363535153582
14.9677794801186
14.999205444879
15.0306314096394
15.0620573743997
15.0732581816412
15.0844589888827
15.0956597961242
15.1068606033656
15.1180614106071
15.1292622178486
15.14046302509
15.1516638323315
15.1638208978255
15.1759779633195
15.1881350288135
15.2002920943075
15.2297297695288
15.2591674447501
15.2886051199714
15.3180427951926
15.3294785218066
15.3409142484206
15.3523499750346
15.3637857016486
15.3752214282625
15.3866571548765
15.3980928814905
15.4095286081045
15.4352425645279
15.4609565209514
15.4866704773749
15.5123844337984
15.5456753655146
15.5789662972309
15.6122572289472
15.6455481606635
15.6775202297767
15.70949229889
15.7414643680032
15.7734364371165
15.8085397672882
15.8436430974599
15.8787464276317
15.9138497578034
15.9392204882178
15.9645912186322
15.9899619490466
16.015332679461
16.0407034098755
16.0660741402899
16.0914448707043
16.1168156011187
16.1332542452479
16.1496928893771
16.1661315335063
16.1825701776355
16.1990088217647
16.2154474658939
16.2318861100231
16.2483247541523
16.2729771957236
16.297629637295
16.3222820788663
16.3469345204376
16.3708834997918
16.394832479146
16.4187814585002
16.4427304378544
16.4697989723816
16.4968675069088
16.523936041436
16.5510045759632
16.5727196573715
16.5944347387799
16.6161498201883
16.6378649015966
16.6663706259282
16.6948763502598
16.7233820745914
16.751887798923
16.7801788101001
16.8084698212772
16.8367608324543
16.8650518436314
16.8917926578173
16.9185334720032
16.9452742861891
16.972015100375
16.9988634188612
17.0257117373474
17.0525600558337
17.0794083743199
17.0990390869082
17.1186697994966
17.1383005120849
17.1579312246733
17.1775619372617
17.19719264985
17.2168233624384
17.2364540750267
17.2689716128298
17.3014891506329
17.3340066884359
17.366524226239
17.3936068799963
17.4206895337536
17.4477721875109
17.4748548412682
17.5022661627026
17.5296774841369
17.5570888055713
17.5845001270057
17.5945354912586
17.6045708555115
17.6146062197644
17.6246415840173
17.6346769482702
17.6447123125231
17.6547476767761
17.664783041029
17.6752980902804
17.6858131395318
17.6963281887832
17.7068432380346
17.7382764415278
17.769709645021
17.8011428485142
17.8325760520074
17.8539521549138
17.8753282578202
17.8967043607266
17.9180804636329
17.9394565665393
17.9608326694457
17.9822087723521
18.0035848752585
18.0270310837708
18.0504772922831
18.0739235007954
18.0973697093078
18.1160902422867
18.1348107752657
18.1535313082447
18.1722518412236
18.1909723742026
18.2096929071816
18.2284134401606
18.2471339731395
18.2709705568993
18.2948071406592
18.318643724419
18.3424803081788
18.3625863914591
18.3826924747395
18.4027985580198
18.4229046413002
18.4368195251755
18.4507344090508
18.4646492929262
18.4785641768015
18.4924790606768
18.5063939445522
18.5203088284275
18.5342237123028
18.5483839898205
18.5625442673382
18.5767045448559
18.5908648223736
18.6153929705441
18.6399211187147
18.6644492668852
18.6889774150558
18.7135055632264
18.7380337113969
18.7625618595675
18.7870900077381
18.8095451413866
18.8320002750351
18.8544554086836
18.8769105423322
18.8965913023894
18.9162720624466
18.9359528225038
18.955633582561
18.9753143426182
18.9949951026754
19.0146758627326
19.0343566227898
19.0589654073401
19.0835741918904
19.1081829764407
19.1327917609911
19.1559550496419
19.1791183382928
19.2022816269437
19.2254449155945
19.2429199390916
19.2603949625887
19.2778699860858
19.2953450095829
19.31282003308
19.3302950565771
19.3477700800741
19.3652451035712
19.388911503845
19.4125779041187
19.4362443043925
19.4599107046663
19.4812484202984
19.5025861359305
19.5239238515626
19.5452615671947
19.5665992828268
19.5879369984589
19.609274714091
19.6306124297231
19.6615472739367
19.6924821181504
19.723416962364
19.7543518065776
19.7763772846619
19.7984027627463
19.8204282408306
19.8424537189149
19.8644791969993
19.8865046750836
19.908530153168
19.9305556312523
19.9525101439403
19.9744646566283
19.9964191693163
20.0183736820042
20.0402960593449
20.0622184366856
20.0841408140263
20.106063191367
20.1279855687077
20.1499079460484
20.1718303233891
20.1937527007298
20.2116398684903
20.2295270362509
20.2474142040114
20.2653013717719
20.2832605454267
20.3012197190815
20.3191788927363
20.3371380663911
20.3550972400459
20.3730564137008
20.3910155873556
20.4089747610104
20.4284530851046
20.4479314091988
20.467409733293
20.4868880573872
20.5063663814814
20.5258447055756
20.5453230296698
20.564801353764
20.5804769015889
20.5961524494137
20.6118279972386
20.6275035450635
20.6431790928884
20.6588546407133
20.6745301885382
20.6902057363631
20.715127300549
20.7400488647348
20.7649704289207
20.7898919931065
20.8228680151314
20.8558440371564
20.8888200591813
20.9217960812062
20.9473228616976
20.972849642189
20.9983764226803
21.0239032031717
21.0494299836631
21.0749567641545
21.1004835446459
21.1260103251372
21.1470549960209
21.1680996669045
21.1891443377881
21.2101890086718
21.2185780636407
21.2269671186097
21.2353561735786
21.2437452285476
21.2521342835166
21.2605233384855
21.2689123934545
21.2773014484234
21.2873689810826
21.2974365137418
21.307504046401
21.3175715790602
21.3503694792115
21.3831673793628
21.4159652795141
21.4487631796654
21.4835174553947
21.5182717311239
21.5530260068532
21.5877802825825
21.6166610907121
21.6455418988417
21.6744227069713
21.7033035151009
21.7229058688157
21.7425082225304
21.7621105762452
21.7817129299599
21.8013152836747
21.8209176373894
21.8405199911042
21.8601223448189
21.8772111512445
21.8942999576701
21.9113887640957
21.9284775705213
21.957220688068
21.9859638056146
22.0147069231612
22.0434500407079
22.0636218864041
22.0837937321003
22.1039655777965
22.1241374234927
22.1443092691888
22.164481114885
22.1846529605812
22.2048248062774
22.2091741602636
22.2135235142498
22.217872868236
22.2222222222222
