0
0.833333333333333
1.66666666666667
2.5
3.33333333333333
4.16666666666667
5
5.83333333333333
6.66666666666667
7.5
8.33333333333333
9.16666666666667
10
10.8333333333333
11.6666666666667
12.5
13.3333333333333
14.1666666666667
15
15.8333333333333
16.6666666666667
17.5
18.3333333333333
19.1666666666667
20
20.8333333333333
21.6666666666667
22.5
23.3333333333333
24.1666666666667
25
25.8333333333333
26.6666666666667
27.5
28.3333333333333
29.1666666666667
30
30.8333333333333
31.6666666666667
32.5
33.3333333333333
