0,0
2.35953348520869e-05,-1.06680608088161e-05
8.96894558571965e-05,1.75143835811638e-06
0.000188068889399883,8.86610858860899e-05
0.00030428596414641,0.000281152891487357
0.000421368752060429,0.000570046843335647
0.000521235213054137,0.000839986964101721
0.000587754439552735,0.000974793732420556
0.000609005630814539,0.000894588095169733
0.000581042755415802,0.000600241688766231
0.000509984285140629,0.000194595720324554
0.000407440503552397,-0.0002086772807376
0.000291293431629614,-0.000514509154354566
0.000218459278947029,-0.000633835568736439
0.000154619676545634,-0.000699300022690163
0.00010424880253479,-0.00072537557531751
7.05298728975059e-05,-0.000728731786824781
5.52465472282537e-05,-0.000724694222809067
5.85350977714294e-05,-0.000717560992937426
7.9315316989605e-05,-0.000704408174250616
0.000115408169477939,-0.00067604561032422
0.000178481784650155,-0.000598220749274276
0.000253491480639585,-0.000459556257398635
0.000331903239640429,-0.000266307859409741
0.000404809320513798,-4.99307286446531e-05
0.000463967248520871,0.000140339071846318
0.000500074888234597,0.000243300884065293
0.000507044404980378,0.000224349283117611
0.000481941513490175,8.40523851964678e-05
0.000429086589398391,-0.000129342170723963
0.000352644950101411,-0.000362035720071557
0.000260069421125962,-0.000560783987872879
0.000161018735883683,-0.000689263151457575
8.68310233094039e-05,-0.000728502575386463
2.00430695340609e-05,-0.000733372273446617
-3.55526932610993e-05,-0.000727019975042273
-7.71902950657209e-05,-0.000724151659770437
-0.00010312453429975,-0.000724441996374502
-0.00011244525363068,-0.000716922651221463
-0.000105207393795979,-0.000699596671081024
-8.25305591975704e-05,-0.000677924280179832
-2.4540721937667e-05,-0.00068399749754595
5.12625756350071e-05,-0.000692356243779441
0.00013231395490543,-0.000642619727881562
0.00020630245643444,-0.000535118741189696
0.000253634611971773,-0.000436085893932715
0.000282099275616614,-0.000362955547761326
0.000287326104705198,-0.000338636421531932
0.000267018045052263,-0.0003682358912109
0.000234911439905843,-0.000418227186490679
0.000189592800576621,-0.000476301154875301
0.000133136302989633,-0.000526472398337083
6.84367232709039e-05,-0.000553665445613622
-8.42764700083722e-07,-0.000542647348854729
-7.10927242012181e-05,-0.000531416412027958
-0.000139195969336961,-0.000556541808734702
-0.000202451893738682,-0.000616079808660643
-0.000258952765302632,-0.000687223530754655
-0.000305346974718115,-0.000752791428371635
-0.000339472847080125,-0.000795745960780226
-0.000359666953529591,-0.000803206884288865
-0.00036051558127037,-0.000724407742915637
-0.00032334060382131,-0.000562063065626876
-0.000254244969531457,-0.000370070900053526
-0.000164846015770426,-0.000212908107285453
-9.45337696519723e-05,-0.000154284681960947
-2.87008400873682e-05,-0.000136913237623883
2.66178458397313e-05,-0.000139539953905586
6.66424051717505e-05,-0.000139965212040623
8.80316245776699e-05,-0.000131694519582682
8.88536012299416e-05,-0.000129704581896723
6.87130680776654e-05,-0.000134810091813259
2.89872474791604e-05,-0.000136514893731607
-5.25246706064437e-05,-0.000128291877107327
-0.000154061375702391,-0.000178615441674823
-0.000263002055172004,-0.000324291172754553
-0.000366077318927344,-0.000536300367675431
-0.000442569661768272,-0.000717381704768922
-0.000494794330190897,-0.000818486020045657
-0.000516215466246672,-0.000793971015469194
-0.00050359749070306,-0.000636524067272182
-0.000459832300807072,-0.000388977877137072
-0.000390321601740739,-0.000111669461263199
-0.000303475399693486,0.000135554889204811
-0.000210186216181562,0.000310907715408591
-0.000140781546324194,0.000386029751464315
-8.02643156555294e-05,0.000417517170786939
-3.29666142698338e-05,0.000420594832303772
-1.99048180340595e-06,0.000412177574690636
1.08908398775601e-05,0.00040641541268274
5.47857691625062e-06,0.000407937733448416
-1.72361254395633e-05,0.000414234469064365
-5.51835285734101e-05,0.000414246951527028
-0.000138958620711844,0.000363468137440873
-0.000238742102285368,0.000220403673674321
-0.000338580480338026,-1.31853974271682e-06
-0.000422237330578892,-0.000231821477961049
-0.000469909385818906,-0.000357379967331551
-0.000485531449274518,-0.000358804765933859
-0.000465022304302138,-0.000225926016951626
-0.000409252422216136,3.34350536858457e-06
-0.000332409374189606,0.000234216442177783
-0.000239866360510403,0.000425281157821597
-0.000142130564482458,0.000540499660385731
-5.0360563189599e-05,0.00057516000899887
1.16940680097329e-05,0.000567038952746141
5.91452351999284e-05,0.000557012713487457
8.93903609877267e-05,0.000554930039798711
0.000101095658401305,0.000553035148038989
9.81040047975505e-05,0.000544474181242963
8.61514010650716e-05,0.000532832876992589
6.58864945923627e-05,0.000521638207216147
3.83001476593933e-05,0.000515700589511757
4.74080285616057e-06,0.000524339952819037
-3.3254800444407e-05,0.000534543622917968
-7.41917836893059e-05,0.000528557675146958
-0.000116622055085496,0.000501924155814224
-0.000166407570543886,0.000448716771962139
-0.000213769641997526,0.000376460413287983
-0.000256332277917425,0.000294327617246979
-0.000291853663557456,0.000214024575270805
-0.000334026132563759,0.000108779043297903
-0.000328246598015039,0.00012311995053075
-0.000271454537224715,0.000248274562489149
-0.000171356742769958,0.000401122869735608
-9.10616284809057e-05,0.000449880680052459
-6.85918715207447e-06,0.000463353547475774
7.47662956411553e-05,0.000473282116068918
0.000148113092245519,0.0005051851740857
0.000208433919868422,0.00056057975943743
0.000251713637090601,0.000605720825020195
0.000274956150724982,0.000617694584649823
0.000276526039537277,0.000585756512064838
0.00026418513824542,0.000536843624689803
0.000241244491304583,0.000473541387761784
0.000208830935951874,0.000404729252529574
0.000168568359550082,0.000340337286335064
0.000122496152804662,0.000289925410538361
7.30997612118357e-05,0.00026273331942676
2.29673216900324e-05,0.000259280819160238
-2.5416522475347e-05,0.000267130539042073
-6.22392673388773e-05,0.000265277531695089
-9.53451716576303e-05,0.00025236362176679
-0.000123808535833865,0.000232665403540434
-0.000146790651921329,0.000210785046441591
-0.000174215669552601,0.00017704662854804
-0.00016940842151588,0.000177797159202487
-0.000131620462047737,0.000209608520841723
-6.46510724076226e-05,0.000240748441645436
2.3158963824901e-05,0.000231590206746999
0.000121205533053671,0.000248770273154907
0.000219250070890737,0.000343409341611485
0.000307542689166252,0.000492876553449433
0.000379165851879409,0.000632894263264508
0.000421007681147912,0.000690806003312001
0.000427203296477326,0.00062912744683051
0.00039640046608279,0.000457458969498497
0.000335437934979139,0.000237673906513519
0.000252467322579292,3.29629596392926e-05
0.000158982841244884,-0.000106715520233543
6.80925683903561e-05,-0.000163779160121271
1.4086938137149e-05,-0.000158514345050387
-2.89315602992419e-05,-0.000143560183513031
-5.85430283247366e-05,-0.000139458717603894
-7.32821992446514e-05,-0.000142871196061242
-7.42099150621747e-05,-0.000141664539028793
-6.66175753052682e-05,-0.000138395501386931
-5.07949760611601e-05,-0.000134966325996063
-2.73323018205096e-05,-0.000134858658122255
2.87139261870044e-06,-0.000143343514284844
3.87205688529854e-05,-0.000150679610114944
7.90777966547403e-05,-0.000144501949725731
0.000122769340428199,-0.000119761881730645
0.000190839300644993,-4.81710749940309e-05
0.000259266773779483,6.14005417363956e-05
0.000323810297171056,0.000194993586793395
0.000380333683970254,0.00033016059617011
0.000438457015214355,0.000469667158000993
0.000464791758485166,0.000496949700351251
0.000454353225460637,0.00038991038590113
0.000407151973020993,0.000177022093591768
0.000335839222531591,-5.2543799002684e-05
0.000246719501410761,-0.00025073036313189
0.000150630737703412,-0.000376515916862873
5.93633129383712e-05,-0.000420725667251605
-2.65457872735843e-05,-0.000424589213496361
-7.79667972490041e-05,-0.00041581999711314
-8.84119755116726e-05,-0.000397784566545295
-5.79530613313927e-05,-0.00037999122121693
-2.41740771322791e-06,-0.000394426686564789
7.12160838791468e-05,-0.000399424106947648
0.000153640018256547,-0.000341624651065886
0.000235288710167323,-0.000218904945201622
0.000306556133828459,-6.76955214714253e-05
0.00035797374917431,5.66097536429373e-05
0.000382100342271392,0.000107909566680864
0.00037431064623818,6.49651475892275e-05
0.000355813758324453,3.08582844593208e-06
0.000327673636941802,-7.70058485487286e-05
0.000290735803018171,-0.00016602405750635
0.00024626483783543,-0.000253700775601791
0.000195905582678685,-0.000329734399066329
0.000141630884348648,-0.00038594528883408
8.55758751637239e-05,-0.00041730334202494
2.99613507725735e-05,-0.00042250061654992
-6.0313676093232e-05,-0.000421944756956897
-0.000133751828023739,-0.000444191170042306
-0.000183539047401169,-0.000474845129557114
-0.00020516570560699,-0.000484340109033122
-0.000199645449930448,-0.000455239303559444
-0.000172578547401979,-0.000403387578326985
-0.000126653141920652,-0.0003474506777056
-6.64786343090554e-05,-0.000310550364481101
1.697626571318e-05,-0.000313538990917235
0.000100348731376414,-0.000304844817083575
0.000173172981422786,-0.000242768935308958
0.000226591396754229,-0.000155866278131442
0.000250950613167845,-0.000110829562518632
0.000253557934918736,-0.000105360764032315
0.000233184463557663,-0.000141069432393096
0.000190710455800164,-0.00020316782284736
0.000164288454552467,-0.000233274501907613
0.000134224085450975,-0.000259997894770657
0.000101081472708807,-0.000280390869432951
6.5504215834392e-05,-0.000291892520132328
2.82176959448625e-05,-0.000290300827186943
-1.0034761970191e-05,-0.000282439764983206
-4.85772491886489e-05,-0.000279020886653511
-8.68061410770449e-05,-0.000286014142811751
-0.000154044286143301,-0.000327400195426433
-0.000215054126161782,-0.000393250685074025
-0.000266715702299852,-0.000466014895698798
-0.000306250989498749,-0.000526318861434045
-0.000339964113934345,-0.000545603912527704
-0.000318355822212333,-0.000435529658534505
-0.000245552340277755,-0.000244881091732585
-0.00013768160307381,-7.7946666503407e-05
-6.93596630755286e-05,-4.34826168745018e-05
-3.70493884717686e-06,-3.87513489799602e-05
5.43646051715103e-05,-3.65941224993884e-05
0.000100837464070317,-2.29414239690807e-05
0.000132631192034098,-1.96014502696256e-06
0.00014742849260926,9.70631776081701e-06
0.000143975609310173,4.83176024738488e-06
0.000122259025298002,-1.41620751484307e-05
6.18067921408115e-05,-2.78365468464258e-05
-2.41088838914957e-05,-3.6352023372177e-05
-0.000123762141112092,-8.02967809373612e-05
-0.000224559815414328,-0.00018772699098897
-0.000330251077001488,-0.000385317286198542
-0.000398790758927208,-0.000517647896269862
-0.000415637642783977,-0.000489590380662242
-0.000375847768875518,-0.000298133062578493
-0.000330994025716502,-0.000150939122098449
-0.000273526462206476,-6.46227826322501e-06
-0.000207488364947962,0.000113257383924653
-0.000137658014401334,0.000193494176369631
-6.93101615916797e-05,0.00022473757195316
-7.37796848020476e-06,0.000226665676634074
4.40700960516143e-05,0.000223873517371069
8.19637942909127e-05,0.000227692078133428
0.000100566021966479,0.000232980859413009
0.000109219852215909,0.000234317887743348
0.000107647704120996,0.000229673357550439
9.5961881493835e-05,0.000219985602890065
7.46416254241592e-05,0.000205794193252543
4.47308072114177e-05,0.000201906093392523
7.65232952084177e-06,0.00021510685949481
-3.49425849945508e-05,0.000228475413757764
-7.84628251307748e-05,0.000221322707716995
-0.000124037142465434,0.000194876834316772
-0.000170261499172978,0.000148928419350978
-0.000215712928125902,8.5880437063911e-05
-0.000295311178857248,-6.44145191404756e-05
-0.000357286924195483,-0.000203064552650236
-0.000393561677145141,-0.000278136102632406
-0.000398556315819598,-0.000257445992064061
-0.000385405037647935,-0.00019599785939588
-0.000360421015087809,-0.000106773226089592
-0.000324483633053855,-8.84047962031848e-07
-0.000279078623338926,0.000108386176340544
-0.000226245906562283,0.000207037302900617
-0.000168516547593682,0.000283695014829448
-0.000108656445413339,0.000331282560400008
-4.95497532054039e-05,0.000347918739216075
1.77730509709883e-05,0.000340656351716482
7.53862947653056e-05,0.000336328219126695
0.000120004642922522,0.000348801135310713
0.000149257468140463,0.00036651886875547
0.000161572243534405,0.000368057814714059
0.000156199622242699,0.000351579997984778
0.000133643798433584,0.000321479320173479
9.56809935702005e-05,0.000289668293331211
2.52111476088095e-05,0.00029569737317279
-5.72256774015076e-05,0.000308769295071339
-0.000141229565033803,0.000263059793293733
-0.000217136328803955,0.000160808730114686
-0.000266646831644986,6.9939819933222e-05
-0.000300249884111279,8.52158993918181e-07
-0.00031453959208101,-2.56330411445072e-05
-0.000307483265296525,-1.05296018630045e-06
-0.000292675690548431,3.67230691529622e-05
-0.000270207644402577,8.67285694203778e-05
-0.000240610452227413,0.000143306860437946
-0.00020468175109452,0.000199962281249222
-0.000163468078932875,0.000249880252980726
-0.000118245370503994,0.000287027673650688
-7.04350798503517e-05,0.000306983996717153
-2.15653116074087e-05,0.00030737152185251
7.41623712622717e-05,0.000309808360377138
0.000158125598290265,0.000352649097764374
0.000222039613779614,0.000415459374266649
0.000259469167827211,0.000457450534240807
0.000266561838660218,0.000440454301428831
0.00024523920942103,0.000373264951542786
0.000197829173800967,0.000278412849234647
0.000129935883087388,0.000192142310774678
6.07509603843758e-05,0.00016384955535039
-1.07280550812545e-05,0.000161052362903019
-7.83025476446777e-05,0.000148897716803451
-0.000136588290776909,0.00011366755458365
-0.000181052130327979,6.55199987817426e-05
-0.000207840740538871,2.98786625043737e-05
-0.000214327538960986,2.24173842847056e-05
-0.00019938875600184,4.63332686927293e-05
-0.00018478304242466,6.64564210816991e-05
-0.000165621939379221,8.93610772104866e-05
-0.000142233950117637,0.000112465620022349
-0.000115047726353279,0.00013298008434181
-8.45760636889602e-05,0.000148404593296206
-5.14507578323788e-05,0.000154471517063857
-1.63553975728321e-05,0.000150371761319132
2.00246608701763e-05,0.00014168124688628
5.55042983849888e-05,0.000139877995886368
9.10639923330667e-05,0.000148926756578658
0.000126213622391901,0.000168342967212796
0.000160465183342537,0.000196960279569574
0.000250612222512282,0.00031603045297967
0.000317789440438343,0.000428024522509829
0.000352981360806078,0.00047218620708441
0.000350839887507739,0.000417750142039703
0.000329893932370796,0.000335121145379865
0.00029502225404924,0.000231261191082192
0.000248213315833817,0.000122966404281144
0.000192311421961498,2.7368029191863e-05
0.000144748982257234,-2.83031312480315e-05
9.57129289772236e-05,-6.30377901184778e-05
4.71231566539295e-05,-7.56608575245332e-05
8.68560470123334e-07,-6.7973729405707e-05
-4.13202565775269e-05,-5.99305667054028e-05
-7.81527840457615e-05,-6.51634513727058e-05
-0.000108536564501074,-7.80026285133156e-05
-0.000131529873052473,-9.24844809420319e-05
-0.000152364792873848,-0.00010679724926339
-0.000140097142627432,-9.13535246570648e-05
-9.59933275281505e-05,-5.61262002207403e-05
-2.57537923567548e-05,-3.89566696915281e-05
6.09754386257146e-05,-4.00696008928802e-05
0.000153535106288358,1.10738490423788e-05
0.000241753798385417,0.000125907758237101
0.000315959322023341,0.000267908313218915
0.000372663136239599,0.000381458216847466
0.000388536848668008,0.000378226118896169
0.000359315789623362,0.000246139011305646
0.000288556519014778,4.00346234641274e-05
0.000228525177939578,-8.09016997769701e-05
0.000161118633299346,-0.00017242501695941
9.11117747263529e-05,-0.000222624936539077
2.34808873645582e-05,-0.000230158209593627
-3.70018476286325e-05,-0.000222872490179685
-8.67595225706633e-05,-0.000227417080199415
-0.000123033202483195,-0.00024150154096164
-0.000143831267837365,-0.000253402075770545
-0.000147444889329591,-0.000248475449643022
-0.000130843814269598,-0.000227091922487681
-9.54247709393229e-05,-0.000199605218810241
-4.4269872959326e-05,-0.000183513323673747
3.71371669803939e-05,-0.000188001240622913
0.000126007279267107,-0.000157841194940773
0.000211878709721359,-6.17318272613828e-05
0.000284889292701529,7.18376198682896e-05
0.000339232109696751,0.000185427013563543
0.000358111031205,0.000208986523589208
0.000336904000273281,0.000124236784957959
0.000277128078297188,-3.32713144448316e-05
0.000223644335558029,-0.000134727554880228
0.000161477777808643,-0.000216295162279037
9.44998000658716e-05,-0.000264516897260504
2.69577696135796e-05,-0.000273823468344099
-3.68496736226155e-05,-0.000266419135294023
-9.3523559083683e-05,-0.00027326774472066
-0.000140276264032795,-0.000296909007240118
-0.000174843125329701,-0.000325287514671461
-0.000197098459916011,-0.000341038477863866
-0.000199752816442631,-0.000330699178121833
-0.000182599655508172,-0.000294888883068741
-0.000147011716015337,-0.000245511803741947
-7.97089691492436e-05,-0.000205316512090305
2.78562869965998e-06,-0.000187795569188495
8.98264455215354e-05,-0.000161523845459127
0.000171017307107901,-9.90904058658599e-05
0.000237318914113688,-1.95210345485889e-06
0.000279661569819923,7.19741326992885e-05
0.000291995424857595,8.58007155937579e-05
0.000271571117787967,3.11124874801772e-05
0.000238358363236063,-3.70020322450131e-05
0.000191499315433933,-0.000110321187812797
0.000133776824642861,-0.000170996071447462
6.88442439512414e-05,-0.000203802756560858
1.12330086142778e-06,-0.000194616974917714
-6.51639595881596e-05,-0.000182636792255594
-0.000126449755816814,-0.000203834952526079
-0.000179751539486662,-0.000253176777933804
-0.000221054710753703,-0.000301921930807772
-0.000250327048366418,-0.000338604283097762
-0.000265950711306061,-0.000351869611776629
-0.000266956884480396,-0.0003362361598843
-0.000258024414037364,-0.000306107865379257
-0.000241058340652243,-0.000263800379414143
-0.00021657240956573,-0.000214223217981275
-0.000185363850924081,-0.000163397380162031
-0.000148496789742103,-0.000117913682761887
-0.000107286027840864,-8.37972741946777e-05
-6.32084306038254e-05,-6.5563254782278e-05
-1.78622052126229e-05,-6.57387135281143e-05
6.97694129709337e-05,-6.29668356212107e-05
0.000145944284211586,-2.10329889269393e-05
0.00020210980506411,3.97764929068428e-05
0.000231620042878179,8.20075065461509e-05
0.00023047228532592,7.03765253368115e-05
0.000198953543666908,1.64720915943092e-05
0.000140072366841557,-5.18538732386772e-05
6.06419383638847e-05,-9.46640197408427e-05
-1.72190442192677e-05,-8.76369402239656e-05
-9.60543742578602e-05,-9.1696971009553e-05
-0.000169757249243665,-0.000142830305705652
-0.000232933721717371,-0.000227032858324489
-0.000280780855017121,-0.000302805538760922
-0.000308992133560182,-0.000342896973958192
-0.000314810464076674,-0.000330092021423381
-0.000297288861675434,-0.000264388975489088
-0.000276100017286144,-0.000206475912126706
-0.000247606143874124,-0.000141931291678082
-0.000212715213931729,-7.75993083184174e-05
-0.000172593299250622,-2.02707366215814e-05
-0.000128625920263157,2.38503242485775e-05
-8.23990399431605e-05,4.99040769258773e-05
-3.55583738472739e-05,5.69201768648256e-05
1.02698218301443e-05,4.8946829694436e-05
5.33445561720909e-05,4.48659022877082e-05
9.27582609131788e-05,5.52847523485009e-05
0.000127467918700594,7.53206554611751e-05
0.000156518485290956,9.94271764060147e-05
0.00018293717998506,0.0001259576305426
0.000198574349309207,0.000141652286687172
0.00020262389659165,0.000141536125876728
0.000194766181259688,0.000124831822366428
0.00017520120660556,9.48713550228403e-05
0.000144761366411733,5.95455536939885e-05
0.000104850424682399,2.82768208637006e-05
5.74187811114273e-05,1.07718014729585e-05
-2.83152477547597e-05,1.52592968356303e-05
-0.000116962029283806,-3.1401707236238e-06
-0.000199285806830933,-8.04678818747317e-05
-0.000267017971132035,-0.000190090920994402
-0.000312831230482485,-0.000271411538627245
-0.000330842722404873,-0.000288722642160867
-0.000318118220508169,-0.000229129401472148
-0.000275298760334917,-0.000111504377304927
-0.000232480339718777,-2.33409975984068e-05
-0.00018067462635169,5.54868747419967e-05
-0.000122708950091772,0.000112277533894707
-6.18307205904737e-05,0.000138916810761138
-1.61455185299371e-06,0.000130082277813183
5.47353083195968e-05,0.000117538611792428
0.000104599551353124,0.000128452809724645
0.000145875684161529,0.000158271678205693
0.000176559565149887,0.000186135101895431
0.000195559508738266,0.000203846854999777
0.000201884006146879,0.00020489572869598
0.000195116319118993,0.000187727784043833
0.000171712218516623,0.00015030881505211
0.000133089531870841,0.000107465170706423
8.18959888952484e-05,7.52298035091346e-05
2.18226750280099e-05,6.87235099815785e-05
-4.26953286619137e-05,7.51262007711942e-05
-0.000107599569574812,5.68539240274841e-05
-0.00016915926295469,5.43891486948952e-06
-0.00022388079040782,-6.85981258099158e-05
-0.000286217121392496,-0.000175884546816119
-0.000316441581165055,-0.000222994401048092
-0.000309087446037794,-0.000179754081934611
-0.000263931115523736,-6.29176264928012e-05
-0.000216597759437687,2.63979003281608e-05
-0.000158522699627434,0.000102886690300197
-9.35070158371512e-05,0.000150517446909213
-2.59253631945263e-05,0.000160328464419847
3.96257118279736e-05,0.000153598606066322
9.94029559587522e-05,0.000164351997559084
0.000150249619814934,0.000195831970266867
0.000189499817321824,0.000234995122632661
0.000217767732823969,0.000263998758225273
0.000224750723028024,0.000261297541709681
0.00020965681984102,0.000224508936955948
0.000173604522111054,0.000165951740314732
0.000106162943087919,0.000105054524624751
2.20385786498739e-05,7.39060910160228e-05
-6.79082009339095e-05,5.65770389966835e-05
-0.000152856426542094,1.23052620365096e-05
-0.000211954761739095,-6.01970627029808e-05
-0.000256438572250094,-0.000129058965399073
-0.00028249810145392,-0.000169596548341924
-0.000287548035691528,-0.000166504365955191
-0.000277153353382388,-0.000134011848302852
-0.000255042341184884,-8.18630190122307e-05
-0.000222046065334382,-1.88536939382884e-05
-0.000179593073895702,4.39803450917953e-05
-0.000129615199466499,9.79054312984057e-05
-7.46823097803659e-05,0.000123646578315347
-1.758535390295e-05,0.000116056173094297
3.89417365336674e-05,0.000101160099437458
9.97887818546471e-05,0.000115129967807584
0.000153828590755018,0.000152817280729485
0.000198330915231017,0.00019993516938334
0.000230919060705169,0.000241101952590149
0.000248242273168952,0.000260958582698357
0.00025382224226977,0.000259444038702828
0.000247258912566153,0.000235480695799279
0.00022872015222508,0.000192777245317279
0.000198957297534875,0.000139194488555517
0.00015939063153208,8.58628958082161e-05
0.000111974722133372,4.37147745774634e-05
5.91405864834378e-05,2.19882664704373e-05
-2.98835323008547e-05,2.32962787158581e-05
-0.000114877953203451,7.26284880506766e-06
-0.000186656462475669,-5.41160288428366e-05
-0.000237679282593772,-0.000129446092889752
-0.000259862430744741,-0.00016002750113026
-0.000261465269959562,-0.000151336281895417
-0.000241847558981785,-0.000104163450247057
-0.000202177769873804,-3.30981915204625e-05
-0.000151987255946949,3.42498980892862e-05
-9.16605674463589e-05,7.30213740045552e-05
-2.55412570526316e-05,7.04082173956891e-05
4.18485734877592e-05,5.56808567251985e-05
0.000106298212270289,7.36749721014577e-05
0.00016435045014009,0.000119183422328652
0.000212765900720068,0.0001763629353416
0.000248687008358877,0.0002272258336877
0.000268854075667825,0.000253592935199362
0.000274715329964323,0.000251301611300441
0.000265699420991506,0.000219055567205977
0.000242091960092246,0.000162792709772079
0.000205054377653667,9.45344671478745e-05
0.000156760959297999,3.04971991704148e-05
0.000100127944149416,-1.46337094685801e-05
3.86964029705387e-05,-3.01336353135022e-05
-5.20767897380167e-05,-3.16826130948713e-05
-0.000134205043797809,-6.24233890947069e-05
-0.000198789109888158,-0.000124278447024953
-0.000238792053659292,-0.000180694691402088
-0.000249609310628781,-0.000187372756176089
-0.000237684524084464,-0.000154012819810205
-0.000203616106665538,-9.09161865723954e-05
-0.000150165205753045,-2.10145625628723e-05
-6.9853060546427e-05,1.44897969871798e-05
1.95290479155797e-05,2.32124665897724e-05
0.000107630583469365,5.31798338643278e-05
0.000185092069069466,0.000119877267814459
0.000255432429186502,0.000218799670241226
0.000282610366042496,0.000249215451304218
0.000260493299133987,0.000178765231906511
0.000192109893193702,4.94598559785164e-05
8.85641955268676e-05,-1.70411694741908e-05
-2.68490589276755e-05,-4.22189420178701e-05
-0.000132392568846512,-9.52036302353701e-05
-0.000209578404392714,-0.000173755015807405
-0.000243379902376656,-0.000211663879605234
-0.00023291515507976,-0.000177300185460224
-0.000179013760675851,-8.78502722969277e-05
-9.07004525235913e-05,-6.24973892153849e-06
-2.31861419600648e-05,-9.89787334847107e-06
4.62847803890112e-05,-2.54363672447232e-05
0.000112952266865492,-6.28526702936582e-06
0.000172730552509595,4.86907185989763e-05
0.000221974395116343,0.000113006438036204
0.000257160610617937,0.00016619152494933
0.000275637751761413,0.000190720193643665
0.000275748395930209,0.000177600314167068
0.000264366813531132,0.000145530214777306
0.000243750584691508,9.94267209240474e-05
0.000214547306157029,4.57259535466018e-05
0.000177781734400712,-7.79852821182218e-06
0.000134816445613691,-5.24458827700449e-05
8.7380237532489e-05,-8.08881003003312e-05
3.7368469828931e-05,-9.03489794197899e-05
-1.32722963781895e-05,-8.33072371229649e-05
-5.48374188545565e-05,-8.00655356585147e-05
-9.46025689554252e-05,-9.09896166930723e-05
-0.00013173422135226,-0.000113241794376171
-0.000165433958131551,-0.000143025509283724
-0.000232464945301398,-0.000225311141908857
-0.000259507728620229,-0.000253083764682066
-0.000241243588589091,-0.000196787405686441
-0.00018006358245678,-8.89888057781258e-05
-8.28900410106675e-05,-3.3154671235595e-05
2.83520312734985e-05,-1.10058039276215e-05
0.000133440791655631,4.34099689556551e-05
0.00021459839336645,0.000130617210609168
0.000257180333659911,0.000187788606127997
0.000253474528601726,0.000163661074290116
0.000202794230443703,6.7464979949625e-05
0.000113690195797925,-3.38876068680745e-05
4.39057425863214e-05,-4.58559899033261e-05
-2.87354656976761e-05,-3.93223037776063e-05
-9.88889151140859e-05,-5.5748418361769e-05
-0.000161897893065105,-0.000103710956039984
-0.000213687452493059,-0.00016565565671635
-0.000250490574860739,-0.000217251909901879
-0.000269471008335546,-0.000239454448966406
-0.000268916123722053,-0.000222826770200173
-0.000255006643623614,-0.000184481509984812
-0.000229904710460653,-0.000131071135709041
-0.000194653297928182,-7.18187172285383e-05
-0.000150851052146665,-1.73644578103167e-05
-0.000100571401420318,2.38884529544509e-05
-4.63930599200126e-05,3.86695846049084e-05
9.00614038170595e-06,2.81468955101912e-05
6.30756972015862e-05,2.0384174705047e-05
0.000106006813664998,3.64184323639391e-05
0.00014532773567974,6.47594651312923e-05
0.000179949046878585,9.98667904329519e-05
0.000208870063534516,0.000135626639193082
0.000237799681887085,0.000174830505277053
0.000252326994346815,0.000190978080613811
0.000251344227117501,0.000178141380830319
0.000234635755278829,0.000138312286235098
0.000202925879518973,8.07383469902277e-05
0.000158090877137841,2.14769095164878e-05
0.000102921374670126,-2.33630543204535e-05
4.10202318245107e-05,-4.03892411110237e-05
-5.03996697746455e-05,-4.12672222721304e-05
-0.000136420805111414,-7.38205245186926e-05
-0.00020788510790438,-0.00014614226693275
-0.000257206260441735,-0.000221057998463951
-0.000277458664666799,-0.000244756732270829
-0.000273878296460338,-0.000219625753774031
-0.000246266805490767,-0.000151317211315971
-0.000196825733018323,-6.22716576438989e-05
-0.000168863022384567,-2.48874913792945e-05
-0.000138000739867813,7.08312609272518e-06
-0.000104861571560715,3.1164955197639e-05
-7.01250745116903e-05,4.5449070787205e-05
-3.45245513590016e-05,4.72885146456935e-05
1.20302327707209e-06,4.1684340439337e-05
3.63872471317903e-05,3.709482259591e-05
7.04341392384497e-05,3.99388301210524e-05
0.000113919651295686,5.88737638942906e-05
0.000153084272378135,8.93130811133666e-05
0.000186757957687253,0.000124837143519445
0.000213886138821279,0.000158700273400756
0.000242060032768909,0.000194358665975058
0.000246933499129741,0.000189964905671444
0.000227586938873426,0.000144201707082641
0.000185429008615913,7.35407229483596e-05
0.000139835011525263,1.9198900091552e-05
8.57574159657786e-05,-1.28263473705983e-05
2.65081945048332e-05,-1.43113545809062e-05
-3.44670410100251e-05,-3.5486493641566e-06
-9.38840625526316e-05,-1.54023180891078e-05
-0.00014898844979942,-5.33983012875344e-05
-0.000197191545829043,-0.000106626243449727
-0.000236121324163406,-0.000161398710278612
-0.000276522787498696,-0.000218563837359803
-0.000272377535237526,-0.000189108143955456
-0.000223042031653851,-8.36526428524591e-05
-0.000136421886277663,3.2718900523136e-05
-6.55223922736582e-05,6.20344637068724e-05
8.6833192761625e-06,6.56319603621404e-05
8.04098810109896e-05,7.74476296946354e-05
0.000144563791302133,0.000114124064305158
0.000196790678245809,0.000169090382818426
0.000233268363249804,0.000215364794053006
0.000251137088198894,0.000233729375764152
0.000248759167307223,0.000215267652130229
0.000224411599547699,0.000159447772873887
0.000179645702685612,8.77921210067465e-05
0.000118327456085261,2.60717355849205e-05
4.61168577818618e-05,-1.58927551530962e-06
-2.99740477023728e-05,3.40437947227087e-06
-0.00010345630873354,-8.37687286897004e-06
-0.000168694374011555,-5.74337679343708e-05
-0.000220833120777476,-0.000126070170602535
-0.000256488973333727,-0.000178449589922382
-0.000270206155228369,-0.000191492335358297
-0.000260224810419045,-0.000157350928295694
-0.000226921324872625,-8.63570943870699e-05
-0.000185105361645278,-1.99121593402185e-05
-0.000132504298379624,3.67414166753959e-05
-7.23883277546787e-05,6.91689564731479e-05
-8.6138837069859e-06,6.82079198773397e-05
5.47385994762569e-05,6.19037311411889e-05
0.00011435964129018,8.27452125199332e-05
0.000167310263984609,0.000125863939661765
0.000210919098417398,0.000177958042965109
0.000258445043954407,0.000240474507663121
0.000259854234521464,0.000221662347750986
0.000213771454858273,0.000124858720518662
0.000128073419702141,1.44534557143898e-05
5.82876847347789e-05,-9.16612000837524e-06
-1.51112661410875e-05,-9.77612977111711e-06
-8.63434606939275e-05,-2.36525902164425e-05
-0.000150305277847369,-6.50421470701032e-05
-0.000202579217452268,-0.000123964803819499
-0.000239217793834063,-0.000173699268788529
-0.000257251391587843,-0.000194607159098094
-0.000254939356099627,-0.000177382014973158
-0.000217389898137849,-8.06668588214293e-05
-0.000146233546772598,-2.31021942559149e-06
-5.31734868747333e-05,-1.07725172973129e-05
4.70659589398688e-05,-4.53485754061264e-05
0.000134794840163007,-4.57210235892487e-06
0.000205408358434938,7.14340472229974e-05
0.00025013173582336,0.000134429257483421
0.000262746370612172,0.000146009905420242
0.000248849552102279,0.000108405314071047
0.000215282325849563,4.44344904899222e-05
0.000164372687048204,-2.57996894881061e-05
0.000100100958574094,-7.87964697060446e-05
2.80502734445173e-05,-7.86281884282101e-05
-4.57071383562122e-05,-6.39966251295478e-05
-0.000115820374729802,-8.44496549906595e-05
-0.000177741616230537,-0.00014107232620959
-0.000223343969149634,-0.000198877466318922
-0.000256161448014509,-0.000245432254138368
-0.000274083258046883,-0.000266356527892443
-0.000275779292092847,-0.000254129476816251
-0.000266779279753145,-0.000224944394264167
-0.000249469472229547,-0.000182397865556586
-0.000224346382626356,-0.00013159626336095
-0.000192209080616884,-7.88959180323868e-05
-0.000154142387265462,-3.13228838214312e-05
-0.000111501855220781,4.63823380822725e-06
-6.58192612752032e-05,2.40885297123606e-05
-1.87593053087827e-05,2.4239392475275e-05
7.09288376514899e-05,2.69336065314751e-05
0.000149417721282988,6.95916690238043e-05
0.000208204506019444,0.00013223869263435
0.000240639502149443,0.000176364999475925
0.00024261820407142,0.000164913288695506
0.000214482066015352,0.000107549207689003
0.000158962128689713,3.0474720922913e-05
8.25165867512894e-05,-2.67849001486723e-05
1.04805995371794e-05,-1.71283458910911e-05
-6.28779721285284e-05,-2.21910645324586e-08
-0.000132159318166642,-2.71072058855627e-05
-0.000192778960591862,-9.30404700563474e-05
-0.000240666277012705,-0.00016096885294962
-0.000271928618725563,-0.000208349337440319
-0.000283863785462939,-0.000217694257335613
-0.000275108001111467,-0.000183686415425989
-0.000256427079397719,-0.000137067238173369
-0.000228068109023432,-7.9731922539096e-05
-0.000191108063439434,-2.0434808193655e-05
-0.000147054886133287,3.15450351003528e-05
-9.77754819300139e-05,6.96295171659958e-05
-4.55138310533155e-05,8.25140925501332e-05
7.43237855834307e-06,7.16914575492781e-05
5.88975871993671e-05,6.2994303850009e-05
0.000100409262615046,7.63565096453187e-05
0.000138509515149874,0.00010130793812705
0.00017223990229312,0.000132925215511965
0.000200717628266962,0.000165785077625954
0.00023099362149291,0.0002045002512202
0.000246788500958648,0.000221283813079525
0.000246956701111244,0.000209673502242595
0.000231252543240612,0.000171199862182026
0.000200380498547203,0.000114766108741048
0.000156214743211795,5.63319614169229e-05
0.000101561140834735,1.20322803298988e-05
4.00549812934136e-05,-4.63146394496966e-06
-5.058571069667e-05,-5.56311946987343e-06
-0.000135924844962355,-3.85131938205333e-05
-0.000206772002627496,-0.000111043699177724
-0.000255499271583177,-0.000186126420058239
-0.000275269293719279,-0.000210289438819656
-0.000270893026354372,-0.000185491416239713
-0.000242186689784191,-0.000117788672035026
-0.000191436315341045,-3.03196167644111e-05
-0.00011407844930624,4.33689680984462e-05
-2.50568661174314e-05,7.73724734234958e-05
6.49971974257724e-05,9.25227607996345e-05
0.000146080838763931,0.000128052824657195
0.000199599231109782,0.000185024963428191
0.000237609420512645,0.000234012655024703
0.00025716312198642,0.000255068887408066
0.00025651162720581,0.000238307486637303
0.000232623463236222,0.000179382671273591
0.000186653155727121,0.000101578696522931
0.00012286964125505,3.36540899406107e-05
4.7611760635001e-05,2.52114302570081e-06
-3.12467547116631e-05,6.57391402386621e-06
-0.000106455891510615,-6.57971761203307e-06
-0.000171780515383921,-5.69963359299033e-05
-0.000221946235147447,-0.000123939098731803
-0.000251960488261574,-0.000166412432218058
-0.000260573988559922,-0.000170420085364029
-0.000246538010700876,-0.000131918137298734
-0.000210595436972633,-6.30886003020779e-05
-0.000189280363712555,-3.07105815441032e-05
-0.000164829555680332,2.88509842248262e-07
-0.00013764507949586,2.7652783421149e-05
-0.000108186098817957,4.93097305219205e-05
-7.6953360055771e-05,6.43440129021667e-05
-4.45147499113904e-05,6.86194682431226e-05
-1.14535633341414e-05,6.1811873531423e-05
2.16727739640995e-05,5.21863196843746e-05
6.87993299275911e-05,5.33002762381333e-05
0.000113755961480613,7.23093294179242e-05
0.000155306666107228,0.000104906023723612
0.000192274642508939,0.000145245352055396
0.000253604435222282,0.000230226948136523
0.000275730142101847,0.000251156716850729
0.000254096888677744,0.00018525404976828
0.00019142861733919,6.84379983821595e-05
9.72477775328885e-05,-1.92535566351201e-06
-1.00603515781341e-05,-3.27230335908645e-05
-0.000112549920434117,-7.58649888524545e-05
-0.000194272309147362,-0.000146663509760772
-0.000225202419365927,-0.00018633850714987
-0.000244453684503455,-0.000210249867185799
-0.000250924883754947,-0.000211490875442176
-0.000244102201112416,-0.000188499812501024
-0.000224105785043864,-0.000145033455437937
-0.000191846608806265,-9.09686756974222e-05
-0.000148949821333225,-3.82432865412816e-05
-9.77234704388463e-05,7.90705608566799e-07
-3.13313964618664e-05,3.18014041141046e-06
3.72136621179797e-05,-8.48185809933318e-06
0.000103330485760995,7.73174876075613e-06
0.000163053684810502,5.65742092559619e-05
0.000212862754666937,0.000117701517074411
0.000249395671135772,0.000170952844999018
0.0002700570117861,0.000199042840512027
0.000273145186461584,0.000192108782283556
0.000263884564900214,0.000163984037474835
0.000245104715018392,0.000120631490675198
0.000217394842603336,6.82139412193769e-05
0.00018173999802498,1.45082827855649e-05
0.000139487476281059,-3.15870115207688e-05
9.2364176462575e-05,-6.24440159298287e-05
4.22927247311261e-05,-7.41621439725874e-05
-8.70920446539267e-06,-6.70822184643512e-05
-5.33979630902874e-05,-6.24845272383929e-05
-9.61029787647901e-05,-7.43543729702235e-05
-0.000135783158444906,-9.9239260043928e-05
-0.00017144441275131,-0.000132407040670718
-0.000235330447515475,-0.000213095756305999
-0.000260451709879081,-0.000238879361631025
-0.000241904196809292,-0.000183246205315001
-0.00018197308257552,-7.76295175064588e-05
-8.7709479676062e-05,-1.83872321150478e-05
2.09558421870038e-05,6.77262996701238e-06
0.000125234627093166,5.68254829470417e-05
0.000208357608979872,0.000139857850439409
0.000242231363483865,0.000187097000132039
0.000261005164325979,0.000210664372511475
0.000263225948126261,0.000202090938109136
0.000248443163182803,0.000161998061064866
0.000217274537016479,9.95637929650107e-05
0.000171682234638431,3.26180239085814e-05
0.000114704273513566,-2.05478025509261e-05
5.03387100040253e-05,-4.44762076088091e-05
-4.14387442740213e-05,-4.48564385883136e-05
-0.000127386368868459,-6.95803485270337e-05
-0.000198210649448913,-0.000135028260640907
-0.000246372600989274,-0.000205570253840479
-0.000264875705596394,-0.000226457671123547
-0.000261953418289862,-0.000205643523913732
-0.000237410357605175,-0.000147469697884742
-0.000192985060087315,-6.99656512765371e-05
-0.00016660305583359,-3.5258240516927e-05
-0.000137221352763579,-5.0694424432423e-06
-0.000105413210083871,1.81455964205879e-05
-7.18106295096376e-05,3.24020821172514e-05
-3.71003678470551e-05,3.51778816670629e-05
-1.98422355319237e-06,3.02867959732534e-05
3.28895888479618e-05,2.52108248019904e-05
6.69400635643599e-05,2.69121392183e-05
0.000108463258616906,4.35060216727978e-05
0.000146776638280475,7.16999599300894e-05
0.000180905813029437,0.000106612452982748
0.0002099478484417,0.000142791340482552
0.000240341872155297,0.00018482258874233
0.00025757201315926,0.000206203225769136
0.000260477699939816,0.000200164915264357
0.000248647549927544,0.000166763349266249
0.000222469954946007,0.000112572877591123
0.000183326147111294,5.10176496190262e-05
0.000133438849318125,-3.20903362573222e-06
7.58080555505822e-05,-3.64206866018859e-05
-1.39061794330523e-05,-3.30903495583368e-05
-0.000101201722236442,-3.61802306658656e-05
-0.000176766534805194,-9.0876351682694e-05
-0.000232975312496318,-0.00016982746663946
-0.00024659427534393,-0.000189434793080465
-0.00025699571212305,-0.000203774121229906
-0.000264013064273108,-0.000211783290511816
-0.000267520157950889,-0.000212785029655497
