0
0.0295803199526144
0.0591606399052289
0.0887409598578433
0.118321279810458
0.147901599763072
0.177481919715687
0.207062239668301
0.236642559620916
0.264910276624965
0.293177993629014
0.321445710633063
0.349713427637112
0.368208484775886
0.38670354191466
0.405198599053433
0.423693656192207
0.44218871333098
0.460683770469754
0.479178827608527
0.497673884747301
0.521190394117134
0.544706903486968
0.568223412856802
0.591739922226635
0.615528028573825
0.639316134921015
0.663104241268205
0.686892347615394
0.709414153857978
0.731935960100563
0.754457766343147
0.776979572585731
0.794437629167335
0.81189568574894
0.829353742330544
0.846811798912149
0.864269855493753
0.881727912075358
0.899185968656962
0.916644025238567
0.942945872719801
0.969247720201036
0.995549567682271
1.02185141516351
1.04354915692369
1.06524689868388
1.08694464044407
1.10864238220425
1.12493014125632
1.14121790030839
1.15750565936046
1.17379341841253
1.1900811774646
1.20636893651667
1.22265669556874
1.2389444546208
1.25541476422458
1.27188507382835
1.28835538343213
1.30482569303591
1.33122819172439
1.35763069041288
1.38403318910137
1.41043568778985
1.43009807958803
1.44976047138621
1.46942286318439
1.48908525498256
1.50874764678074
1.52841003857892
1.5480724303771
1.56773482217527
1.59501625318676
1.62229768419824
1.64957911520972
1.67686054622121
1.70130561253043
1.72575067883966
1.75019574514889
1.77464081145812
1.79811983534159
1.82159885922507
1.84507788310854
1.86855690699202
1.88690481698951
1.90525272698701
1.9236006369845
1.941948546982
1.9602964569795
1.97864436697699
1.99699227697449
2.01534018697199
2.04435011305078
2.07336003912958
2.10236996520838
2.13137989128717
2.15667081906603
2.18196174684488
2.20725267462374
2.23254360240259
2.25564626337701
2.27874892435143
2.30185158532584
2.32495424630026
2.34350381693505
2.36205338756983
2.38060295820462
2.39915252883941
2.41216852414789
2.42518451945637
2.43820051476486
2.45121651007334
2.46423250538182
2.47724850069031
2.49026449599879
2.50328049130727
2.51857192254056
2.53386335377385
2.54915478500714
2.56444621624043
2.5949618279128
2.62547743958518
2.65599305125756
2.68650866292993
2.70641347772925
2.72631829252856
2.74622310732787
2.76612792212718
2.78603273692649
2.8059375517258
2.82584236652511
2.84574718132442
2.86001617551449
2.87428516970455
2.88855416389462
2.90282315808469
2.91709215227476
2.93136114646483
2.94563014065489
2.95989913484496
2.97161527286297
2.98333141088098
2.99504754889899
3.006763686917
3.03147840140614
3.05619311589529
3.08090783038443
3.10562254487357
3.13033725936271
3.15505197385186
3.179766688341
3.20448140283014
3.23016324688046
3.25584509093077
3.28152693498109
3.3072087790314
3.33178460145598
3.35636042388057
3.38093624630515
3.40551206872974
3.42244848684357
3.43938490495741
3.45632132307125
3.47325774118509
3.48576628027117
3.49827481935725
3.51078335844334
3.52329189752942
3.5358004366155
3.54830897570158
3.56081751478767
3.57332605387375
3.59181439189417
3.6103027299146
3.62879106793502
3.64727940595544
3.6729758787795
3.69867235160356
3.72436882442762
3.75006529725167
3.77364648547738
3.79722767370309
3.8208088619288
3.8443900501545
3.87205386546576
3.89971768077701
3.92738149608827
3.95504531139952
3.97945200459598
4.00385869779243
4.02826539098889
4.05267208418535
4.0770787773818
4.10148547057826
4.12589216377471
4.15029885697117
4.16369882283189
4.17709878869261
4.19049875455332
4.20389872041404
4.21729868627476
4.23069865213548
4.2440986179962
4.25749858385692
4.28100713308493
4.30451568231294
4.32802423154095
4.35153278076896
4.37166569443719
4.39179860810542
4.41193152177364
4.43206443544187
4.45661459478344
4.481164754125
4.50571491346656
4.53026507280813
4.55072000621893
4.57117493962974
4.59162987304055
4.61208480645136
4.62156743045041
4.63105005444947
4.64053267844852
4.65001530244758
4.65949792644663
4.66898055044569
4.67846317444474
4.6879457984438
4.70527147934693
4.72259716025007
4.73992284115321
4.75724852205635
4.78897201458791
4.82069550711948
4.85241899965104
4.8841424921826
4.90251864133645
4.92089479049031
4.93927093964416
4.95764708879801
4.97602323795186
4.99439938710572
5.01277553625957
5.03115168541342
5.05764159941052
5.08413151340762
5.11062142740471
5.13711134140181
5.16908345821002
5.20105557501823
5.23302769182643
5.26499980863464
5.28274420342836
5.30048859822208
5.31823299301579
5.33597738780951
5.35372178260323
5.37146617739695
5.38921057219067
5.40695496698438
5.42063135564278
5.43430774430117
5.44798413295956
5.46166052161795
5.47533691027634
5.48901329893474
5.50268968759313
5.51636607625152
5.52921241098356
5.54205874571561
5.55490508044765
5.56775141517969
5.59226853645096
5.61678565772222
5.64130277899349
5.66581990026475
5.68045834392271
5.69509678758066
5.70973523123861
5.72437367489656
5.73901211855452
5.75365056221247
5.76828900587042
5.78292744952837
5.80089084670732
5.81885424388626
5.83681764106521
5.85478103824415
5.8727444354231
5.89070783260204
5.90867122978099
5.92663462695993
5.95105173590025
5.97546884484056
5.99988595378088
6.02430306272119
6.04416636593697
6.06402966915275
6.08389297236854
6.10375627558432
6.11570575595117
6.12765523631803
6.13960471668488
6.15155419705174
6.16350367741859
6.17545315778545
6.1874026381523
6.19935211851916
6.22341223579346
6.24747235306776
6.27153247034206
6.29559258761637
6.31831909049138
6.34104559336639
6.36377209624141
6.38649859911642
6.40630935901494
6.42612011891346
6.44593087881198
6.46574163871051
6.48555239860903
6.50536315850755
6.52517391840607
6.5449846783046
6.55444080981583
6.56389694132706
6.5733530728383
6.58280920434953
6.59226533586076
6.60172146737199
6.61117759888323
6.62063373039446
6.62969977744025
6.63876582448605
6.64783187153184
6.65689791857763
6.6832306410029
6.70956336342817
6.73589608585343
6.7622288082787
6.77867214137157
6.79511547446444
6.81155880755731
6.82800214065018
6.84080980046922
6.85361746028825
6.86642512010728
6.87923277992632
6.89204043974535
6.90484809956438
6.91765575938341
6.93046341920245
6.95517389698547
6.97988437476849
7.00459485255151
7.02930533033453
7.05401580811755
7.07872628590058
7.1034367636836
7.12814724146662
7.15657484176902
7.18500244207142
7.21343004237381
7.24185764267621
7.25948345532947
7.27710926798274
7.294735080636
7.31236089328926
7.32998670594253
7.34761251859579
7.36523833124905
7.38286414390232
7.40213795292831
7.42141176195429
7.44068557098028
7.45995938000627
7.48474484651029
7.50953031301432
7.53431577951834
7.55910124602236
7.58605754980115
7.61301385357993
7.63997015735872
7.66692646113751
7.68370710150246
7.70048774186741
7.71726838223237
7.73404902259732
7.75082966296227
7.76761030332723
7.78439094369218
7.80117158405714
7.82020715319616
7.83924272233519
7.85827829147422
7.87731386061325
7.9016084329995
7.92590300538575
7.95019757777199
7.97449215015824
7.99897380477167
8.02345545938509
8.04793711399851
8.07241876861194
8.08945859197546
8.10649841533898
8.1235382387025
8.14057806206602
8.15761788542954
8.17465770879306
8.19169753215657
8.20873735552009
8.22512850550653
8.24151965549295
8.25791080547939
8.27430195546582
8.28651378790667
8.29872562034753
8.31093745278839
8.32314928522925
8.33536111767011
8.34757295011097
8.35978478255183
8.37199661499269
8.39620450922356
8.42041240345443
8.44462029768531
8.46882819191619
8.49244190208172
8.51605561224726
8.5396693224128
8.56328303257834
8.58380509722754
8.60432716187674
8.62484922652594
8.64537129117514
8.66589335582434
8.68641542047354
8.70693748512274
8.72745954977194
8.73967769967096
8.75189584956998
8.76411399946901
8.77633214936803
8.78855029926705
8.80076844916608
8.8129865990651
8.82520474896413
8.83735492411485
8.84950509926557
8.8616552744163
8.87380544956702
8.88853073495935
8.90325602035168
8.91798130574401
8.93270659113634
8.94743187652867
8.962157161921
8.97688244731333
8.99160773270566
9.01525844730198
9.03890916189831
9.06255987649464
9.08621059109096
9.10982876690725
9.13344694272353
9.15706511853981
9.1806832943561
9.19628215793934
9.21188102152258
9.22747988510582
9.24307874868907
9.25867761227231
9.27427647585555
9.2898753394388
9.30547420302204
9.32091935204963
9.33636450107723
9.35180965010483
9.36725479913242
9.38486320979994
9.40247162046746
9.42008003113498
9.4376884418025
9.45529685247002
9.47290526313754
9.49051367380506
9.50812208447258
9.53452187916445
9.56092167385631
9.58732146854818
9.61372126324004
9.63088327463883
9.64804528603762
9.66520729743641
9.68236930883521
9.699531320234
9.71669333163279
9.73385534303158
9.75101735443037
9.7710581018322
9.79109884923402
9.81113959663584
9.83118034403767
9.85551570045182
9.87985105686597
9.90418641328012
9.92852176969427
9.94852956225667
9.96853735481907
9.98854514738147
10.0085529399439
10.0232291437623
10.0379053475808
10.0525815513993
10.0672577552178
10.0819339590362
10.0966101628547
10.1112863666732
10.1259625704917
10.1427355466634
10.1595085228351
10.1762814990069
10.1930544751786
10.2078816860419
10.2227088969052
10.2375361077686
10.2523633186319
10.2671905294952
10.2820177403585
10.2968449512218
10.3116721620851
10.3354454399416
10.3592187177982
10.3829919956547
10.4067652735112
10.4263840669674
10.4460028604235
10.4656216538796
10.4852404473358
10.5027971554029
10.52035386347
10.5379105715372
10.5554672796043
10.5730239876714
10.5905806957385
10.6081374038057
10.6256941118728
10.6420922732645
10.6584904346563
10.674888596048
10.6912867574398
10.7076849188315
10.7240830802233
10.740481241615
10.7568794030067
10.7809314695344
10.804983536062
10.8290356025896
10.8530876691172
10.8734291310033
10.8937705928893
10.9141120547753
10.9344535166614
10.9582241249399
10.9819947332183
11.0057653414968
11.0295359497753
11.0595924807516
11.089649011728
11.1197055427044
11.1497620736807
11.1802741712911
11.2107862689015
11.241298366512
11.2718104641224
11.3004733526555
11.3291362411887
11.3577991297219
11.3864620182551
11.4049446194521
11.4234272206492
11.4419098218462
11.4603924230433
11.4788750242404
11.4973576254374
11.5158402266345
11.5343228278315
11.547416532627
11.5605102374224
11.5736039422178
11.5866976470133
11.5997913518087
11.6128850566042
11.6259787613996
11.6390724661951
11.6500534373751
11.6610344085552
11.6720153797353
11.6829963509153
11.7118362468577
11.7406761428
11.7695160387423
11.7983559346846
11.8282330931091
11.8581102515336
11.8879874099581
11.9178645683826
11.9474192035907
11.9769738387988
12.0065284740069
12.036083109215
12.0551076934116
12.0741322776082
12.0931568618047
12.1121814460013
12.1312060301979
12.1502306143945
12.1692551985911
12.1882797827877
12.2028083854264
12.2173369880652
12.231865590704
12.2463941933428
12.2609227959815
12.2754513986203
12.2899800012591
12.3045086038979
12.3167618952782
12.3290151866586
12.341268478039
12.3535217694194
12.3704267345969
12.3873316997744
12.404236664952
12.4211416301295
12.4380465953071
12.4549515604846
12.4718565256622
12.4887614908397
12.5127634357684
12.536765380697
12.5607673256257
12.5847692705543
12.6057066214739
12.6266439723934
12.647581323313
12.6685186742325
12.6778552247932
12.6871917753539
12.6965283259145
12.7058648764752
12.7152014270359
12.7245379775966
12.7338745281572
12.7432110787179
12.7558919572329
12.768572835748
12.781253714263
12.7939345927781
12.8149153940385
12.835896195299
12.8568769965594
12.8778577978198
12.8939520355327
12.9100462732457
12.9261405109586
12.9422347486715
12.9583289863844
12.9744232240974
12.9905174618103
13.0066116995232
13.0355435050058
13.0644753104884
13.093407115971
13.1223389214537
13.1416704515344
13.1610019816152
13.180333511696
13.1996650417768
13.2189965718576
13.2383281019384
13.2576596320192
13.2769911621
13.2971672043085
13.317343246517
13.3375192887255
13.3576953309339
13.3778713731424
13.3980474153509
13.4182234575594
13.4383994997679
13.459187088001
13.479974676234
13.5007622644671
13.5215498527001
13.5381967591124
13.5548436655247
13.5714905719369
13.5881374783492
13.6047843847615
13.6214312911737
13.638078197586
13.6547251039982
13.6843432011538
13.7139612983093
13.7435793954648
13.7731974926203
13.7926008584555
13.8120042242906
13.8314075901257
13.8508109559608
13.870214321796
13.8896176876311
13.9090210534662
13.9284244193013
13.9551925904862
13.9819607616711
14.0087289328559
14.0354971040408
14.0607810173627
14.0860649306846
14.1113488440064
14.1366327573283
14.1558215165809
14.1750102758335
14.1941990350861
14.2133877943387
14.2325765535912
14.2517653128438
14.2709540720964
14.290142831349
14.3074931750507
14.3248435187524
14.3421938624541
14.3595442061558
14.3719229880208
14.3843017698858
14.3966805517508
14.4090593336158
14.4214381154808
14.4338168973458
14.4461956792108
14.4585744610758
14.4827202299799
14.5068659988841
14.5310117677882
14.5551575366924
14.578625868772
14.6020942008516
14.6255625329312
14.6490308650108
14.6684527886271
14.6878747122434
14.7072966358598
14.7267185594761
14.7461404830924
14.7655624067088
14.7849843303251
14.8044062539414
14.8181387946524
14.8318713353634
14.8456038760744
14.8593364167854
14.8730689574964
14.8868014982074
14.9005340389184
14.9142665796294
14.9260348837591
14.9378031878888
14.9495714920184
14.9613397961481
14.978323067104
14.9953063380599
15.0122896090157
15.0292728799716
15.0462561509275
15.0632394218833
15.0802226928392
15.097205963795
15.1212282076148
15.1452504514345
15.1692726952542
15.1932949390739
15.214374299925
15.2354536607761
15.2565330216272
15.2776123824783
15.3012858721394
15.3249593618005
15.3486328514615
15.3723063411226
15.3916490998774
15.4109918586321
15.4303346173868
15.4496773761416
15.4706052694434
15.4915331627453
15.5124610560471
15.533388949349
15.5543168426508
15.5752447359527
15.5961726292545
15.6171005225564
15.6373823421626
15.6576641617689
15.6779459813751
15.6982278009813
15.7068535346367
15.715479268292
15.7241050019474
15.7327307356027
15.741356469258
15.7499822029134
15.7586079365687
15.767233670224
15.779731656838
15.7922296434519
15.8047276300659
15.8172256166798
15.8454994048091
15.8737731929383
15.9020469810675
15.9303207691967
15.958832758068
15.9873447469393
16.0158567358106
16.0443687246818
16.0599082612777
16.0754477978735
16.0909873344693
16.1065268710651
16.1220664076609
16.1376059442567
16.1531454808525
16.1686850174483
16.1868453886071
16.2050057597658
16.2231661309245
16.2413265020833
16.259486873242
16.2776472444007
16.2958076155595
16.3139679867182
16.3272034152344
16.3404388437505
16.3536742722666
16.3669097007827
16.3801451292989
16.393380557815
16.4066159863311
16.4198514148473
16.431666346225
16.4434812776028
16.4552962089806
16.4671111403583
16.4954099885222
16.523708836686
16.5520076848498
16.5803065330136
16.6094142645238
16.638521996034
16.6676297275442
16.6967374590543
16.7142938763011
16.7318502935478
16.7494067107945
16.7669631280412
16.7845195452879
16.8020759625346
16.8196323797813
16.837188797028
16.8612593513701
16.8853299057122
16.9094004600542
16.9334710143963
16.9533244734881
16.97317793258
16.9930313916718
17.0128848507636
17.0220867863741
17.0312887219847
17.0404906575952
17.0496925932057
17.0588945288162
17.0680964644267
17.0772984000372
17.0865003356477
17.0982662073505
17.1100320790533
17.121797950756
17.1335638224588
17.1499015410647
17.1662392596706
17.1825769782765
17.1989146968824
17.2152524154883
17.2315901340942
17.2479278527002
17.2642655713061
17.2879419774527
17.3116183835994
17.3352947897461
17.3589711958928
17.3670544838761
17.3751377718595
17.3832210598428
17.3913043478261
