0
0.0352232221338319
0.0704464442676638
0.105669666401496
0.140892888535328
0.176116110669159
0.211339332802991
0.246562554936823
0.281785777070655
0.298038543590157
0.314291310109659
0.330544076629161
0.346796843148663
0.363049609668165
0.379302376187667
0.395555142707169
0.411807909226671
0.434727158348665
0.45764640747066
0.480565656592655
0.50348490571465
0.523671983892472
0.543859062070294
0.564046140248116
0.584233218425938
0.616106339882712
0.647979461339485
0.679852582796258
0.711725704253031
0.740329067581194
0.768932430909358
0.797535794237522
0.826139157565686
0.843768199453143
0.861397241340599
0.879026283228056
0.896655325115513
0.91428436700297
0.931913408890427
0.949542450777884
0.967171492665341
0.993886056174493
1.02060061968365
1.0473151831928
1.07402974670195
1.09202586877177
1.11002199084158
1.1280181129114
1.14601423498122
1.16401035705104
1.18200647912085
1.20000260119067
1.21799872326049
1.23622453972497
1.25445035618946
1.27267617265394
1.29090198911843
1.31227871492932
1.33365544074022
1.35503216655112
1.37640889236202
1.39778561817292
1.41916234398382
1.44053906979472
1.46191579560561
1.48948423244687
1.51705266928812
1.54462110612938
1.57218954297063
1.59718942256616
1.6221893021617
1.64718918175724
1.67218906135277
1.69173879904
1.71128853672723
1.73083827441446
1.7503880121017
1.76993774978893
1.78948748747616
1.80903722516339
1.82858696285062
1.85798022149137
1.88737348013212
1.91676673877287
1.94615999741362
1.97174579308968
1.99733158876575
2.02291738444181
2.04850318011788
2.07247951476192
2.09645584940596
2.12043218405
2.14440851869404
2.16174070057606
2.17907288245808
2.19640506434009
2.21373724622211
2.23106942810413
2.24840160998615
2.26573379186816
2.28306597375018
2.30198885861048
2.32091174347077
2.33983462833107
2.35875751319136
2.37768039805166
2.39660328291196
2.41552616777225
2.43444905263255
2.46033288283413
2.48621671303571
2.5121005432373
2.53798437343888
2.54967604936184
2.56136772528479
2.57305940120775
2.58475107713071
2.59644275305366
2.60813442897662
2.61982610489958
2.63151778082253
2.65303764211201
2.67455750340148
2.69607736469096
2.71759722598043
2.74455334544515
2.77150946490987
2.79846558437459
2.82542170383932
2.85081385024796
2.87620599665661
2.90159814306526
2.92699028947391
2.9463533949382
2.96571650040249
2.98507960586678
3.00444271133107
3.02380581679536
3.04316892225964
3.06253202772393
3.08189513318822
3.10021962289325
3.11854411259829
3.13686860230332
3.15519309200835
3.17968536707462
3.20417764214089
3.22866991720715
3.25316219227342
3.28559073407654
3.31801927587966
3.35044781768278
3.38287635948589
3.40222404733527
3.42157173518465
3.44091942303403
3.46026711088341
3.47961479873279
3.49896248658217
3.51831017443154
3.53765786228092
3.57131005960158
3.60496225692223
3.63861445424289
3.67226665156354
3.70003469909035
3.72780274661715
3.75557079414396
3.78333884167077
3.8039044379143
3.82447003415784
3.84503563040138
3.86560122664491
3.88616682288845
3.90673241913199
3.92729801537552
3.94786361161906
3.96638398710397
3.98490436258888
4.00342473807379
4.0219451135587
4.04839097903879
4.07483684451887
4.10128270999895
4.12772857547903
4.14666915657449
4.16560973766994
4.1845503187654
4.20349089986086
4.22243148095632
4.24137206205177
4.26031264314723
4.27925322424268
4.29022997384163
4.30120672344057
4.31218347303951
4.32316022263846
4.3341369722374
4.34511372183634
4.35609047143529
4.36706722103423
4.37985941212422
4.3926516032142
4.40544379430419
4.41823598539417
4.44470826723235
4.47118054907052
4.4976528309087
4.52412511274687
4.54540925586224
4.56669339897761
4.58797754209297
4.60926168520834
4.63054582832371
4.65182997143908
4.67311411455445
4.69439825766981
4.71990932759738
4.74542039752495
4.77093146745252
4.79644253738009
4.82118271285304
4.845922888326
4.87066306379895
4.89540323927191
4.92014341474487
4.94488359021782
4.96962376569078
4.99436394116373
5.01372783786332
5.0330917345629
5.05245563126248
5.07181952796206
5.09118342466164
5.11054732136123
5.12991121806081
5.14927511476039
5.17337176716102
5.19746841956165
5.22156507196228
5.24566172436291
5.26525140033249
5.28484107630208
5.30443075227167
5.32402042824125
5.34910934549753
5.37419826275381
5.39928718001009
5.42437609726636
5.44714371597358
5.4699113346808
5.49267895338801
5.51544657209523
5.53936865601788
5.56329073994052
5.58721282386317
5.61113490778582
5.63505699170847
5.65897907563111
5.68290115955376
5.70682324347641
5.73000279781601
5.7531823521556
5.7763619064952
5.7995414608348
5.81294657467951
5.82635168852423
5.83975680236895
5.85316191621366
5.86656703005838
5.8799721439031
5.89337725774781
5.90678237159253
5.92151099195232
5.93623961231211
5.9509682326719
5.96569685303169
5.98235032280414
5.99900379257659
6.01565726234904
6.0323107321215
6.04478298380525
6.05725523548901
6.06972748717276
6.08219973885651
6.09467199054027
6.10714424222402
6.11961649390778
6.13208874559153
6.14606855800185
6.16004837041217
6.17402818282249
6.1880079952328
6.21639194311456
6.24477589099633
6.27315983887809
6.30154378675985
6.31546826687861
6.32939274699737
6.34331722711612
6.35724170723488
6.37116618735364
6.3850906674724
6.39901514759116
6.41293962770992
6.43652679461979
6.46011396152967
6.48370112843954
6.50728829534942
6.52665740345985
6.54602651157027
6.5653956196807
6.58476472779113
6.60413383590155
6.62350294401198
6.64287205212241
6.66224116023283
6.68637166687968
6.71050217352652
6.73463268017336
6.7587631868202
6.77470718410902
6.79065118139783
6.80659517868664
6.82253917597545
6.83848317326426
6.85442717055307
6.87037116784188
6.88631516513069
6.91042494165763
6.93453471818457
6.95864449471151
6.98275427123845
7.00392366113175
7.02509305102505
7.04626244091835
7.06743183081165
7.09248185475982
7.11753187870799
7.14258190265616
7.16763192660433
7.18769150141231
7.20775107622029
7.22781065102827
7.24787022583625
7.26986252536226
7.29185482488828
7.31384712441429
7.3358394239403
7.35783172346631
7.37982402299232
7.40181632251834
7.42380862204435
7.44421397958689
7.46461933712943
7.48502469467198
7.50543005221452
7.51973119018425
7.53403232815397
7.5483334661237
7.56263460409343
7.57693574206315
7.59123688003288
7.60553801800261
7.61983915597233
7.6377568527049
7.65567454943746
7.67359224617003
7.69150994290259
7.70942763963516
7.72734533636772
7.74526303310028
7.76318072983285
7.78381847965167
7.8044562294705
7.82509397928932
7.84573172910814
7.86636947892697
7.88700722874579
7.90764497856461
7.92828272838344
7.9544694119044
7.98065609542536
8.00684277894633
8.03302946246729
8.0464804462364
8.05993143000552
8.07338241377463
8.08683339754375
8.10028438131286
8.11373536508198
8.1271863488511
8.14063733262021
8.1648892974434
8.18914126226658
8.21339322708977
8.23764519191296
8.25737968363003
8.2771141753471
8.29684866706417
8.31658315878124
8.34171519370936
8.36684722863748
8.39197926356559
8.41711129849371
8.44620502280898
8.47529874712426
8.50439247143953
8.5334861957548
8.55333466980789
8.57318314386098
8.59303161791407
8.61288009196716
8.63272856602025
8.65257704007334
8.67242551412643
8.69227398817953
8.70924207861656
8.7262101690536
8.74317825949063
8.76014634992767
8.77338884606242
8.78663134219717
8.79987383833192
8.81311633446667
8.82635883060142
8.83960132673617
8.85284382287091
8.86608631900566
8.89076168936446
8.91543705972325
8.94011243008205
8.96478780044084
8.98823936781772
9.01169093519459
9.03514250257147
9.05859406994835
9.06789337541392
9.07719268087949
9.08649198634506
9.09579129181064
9.10509059727621
9.11438990274178
9.12368920820735
9.13298851367292
9.14188956075628
9.15079060783964
9.159691654923
9.16859270200636
9.19829943602223
9.22800617003809
9.25771290405396
9.28741963806982
9.30778833354681
9.3281570290238
9.34852572450079
9.36889441997777
9.38926311545476
9.40963181093175
9.43000050640874
9.45036920188572
9.46856799424964
9.48676678661356
9.50496557897748
9.52316437134141
9.54360205202361
9.56403973270581
9.58447741338802
9.60491509407022
9.62535277475242
9.64579045543462
9.66622813611683
9.68666581679903
9.71227854144039
9.73789126608176
9.76350399072312
9.78911671536449
9.80559109942992
9.82206548349535
9.83853986756079
9.85501425162622
9.87148863569165
9.88796301975709
9.90443740382252
9.92091178788795
9.93613095949421
9.95135013110047
9.96656930270672
9.98178847431298
10.004974391885
10.028160309457
10.051346227029
10.0745321446011
10.0977180621731
10.1209039797451
10.1440898973171
10.1672758148891
10.1975984754739
10.2279211360587
10.2582437966435
10.2885664572284
10.30906743356
10.3295684098916
10.3500693862233
10.3705703625549
10.3910713388866
10.4115723152182
10.4320732915499
10.4525742678815
10.472747120286
10.4929199726905
10.513092825095
10.5332656774995
10.5527341110339
10.5722025445683
10.5916709781027
10.6111394116371
10.6306078451715
10.650076278706
10.6695447122404
10.6890131457748
10.7121299273
10.7352467088253
10.7583634903506
10.7814802718758
10.8006576322116
10.8198349925474
10.8390123528832
10.8581897132189
10.8773670735547
10.8965444338905
10.9157217942263
10.934899154562
10.9526640630432
10.9704289715244
10.9881938800056
11.0059587884868
11.0211646105804
11.0363704326741
11.0515762547677
11.0667820768614
11.081987898955
11.0971937210487
11.1123995431423
11.1276053652359
11.1520264589874
11.1764475527389
11.2008686464904
11.2252897402418
11.2503415588634
11.275393377485
11.3004451961066
11.3254970147282
11.3518138092367
11.3781306037451
11.4044473982535
11.4307641927619
11.4603468471892
11.4899295016165
11.5195121560438
11.5490948104711
11.570028244609
11.5909616787469
11.6118951128848
11.6328285470226
11.6537619811605
11.6746954152984
11.6956288494363
11.7165622835742
11.7456373784582
11.7747124733422
11.8037875682263
11.8328626631103
11.853543621657
11.8742245802038
11.8949055387506
11.9155864972973
11.9362674558441
11.9569484143908
11.9776293729376
11.9983103314844
12.0192766947557
12.0402430580271
12.0612094212984
12.0821757845698
12.0904561136875
12.0987364428053
12.107016771923
12.1152971010408
12.1235774301585
12.1318577592763
12.140138088394
12.1484184175118
12.1581001566507
12.1677818957896
12.1774636349285
12.1871453740674
12.2197206158002
12.252295857533
12.2848710992658
12.3174463409986
12.3501758107536
12.3829052805087
12.4156347502638
12.4483642200188
12.4778392744022
12.5073143287856
12.536789383169
12.5662644375523
12.5967463828039
12.6272283280555
12.6577102733071
12.6881922185586
12.7136381751485
12.7390841317384
12.7645300883282
12.7899760449181
12.8090489561168
12.8281218673154
12.8471947785141
12.8662676897128
12.8853406009114
12.9044135121101
12.9234864233088
12.9425593345075
12.9641417044491
12.9857240743907
13.0073064443324
13.028888814274
13.0567339810572
13.0845791478403
13.1124243146235
13.1402694814067
13.1631657122167
13.1860619430268
13.2089581738369
13.2318544046469
13.2607888349012
13.2897232651554
13.3186576954097
13.3475921256639
13.3669516560218
13.3863111863796
13.4056707167374
13.4250302470952
13.444389777453
13.4637493078108
13.4831088381686
13.5024683685264
13.5231470410395
13.5438257135527
13.5645043860659
13.585183058579
13.6058617310922
13.6265404036053
13.6472190761185
13.6678977486316
13.6863167949687
13.7047358413057
13.7231548876427
13.7415739339798
13.763539467957
13.7855050019343
13.8074705359115
13.8294360698888
13.8514016038661
13.8733671378433
13.8953326718206
13.9172982057978
13.9375400753114
13.9577819448251
13.9780238143387
13.9982656838523
14.0192585080825
14.0402513323127
14.0612441565429
14.0822369807731
14.0905655374022
14.0988940940314
14.1072226506605
14.1155512072897
14.1238797639188
14.1322083205479
14.1405368771771
14.1488654338062
14.1587610452628
14.1686566567194
14.178552268176
14.1884478796326
14.2212383369586
14.2540287942845
14.2868192516105
14.3196097089364
14.3449210482255
14.3702323875146
14.3955437268038
14.4208550660929
14.446166405382
14.4714777446711
14.4967890839602
14.5221004232494
14.5420678927899
14.5620353623304
14.5820028318709
14.6019703014115
14.621937770952
14.6419052404925
14.661872710033
14.6818401795736
14.7065452066544
14.7312502337353
14.7559552608162
14.7806602878971
14.8022080499318
14.8237558119665
14.8453035740013
14.866851336036
14.8883990980708
14.9099468601055
14.9314946221402
14.953042384175
14.9828515360928
15.0126606880106
15.0424698399284
15.0722789918462
15.1022011173195
15.1321232427927
15.1620453682659
15.1919674937391
15.2193860552821
15.246804616825
15.274223178368
15.301641739911
15.3125149068295
15.323388073748
15.3342612406665
15.345134407585
15.3560075745035
15.366880741422
15.3777539083405
15.388627075259
15.3985425123223
15.4084579493856
15.4183733864489
15.4282888235121
15.4588392157191
15.489389607926
15.5199400001329
15.5504903923398
15.5627681149675
15.5750458375951
15.5873235602228
15.5996012828504
15.6118790054781
15.6241567281057
15.6364344507334
15.648712173361
15.662635143917
15.6765581144729
15.6904810850289
15.7044040555849
15.7358802774906
15.7673564993963
15.798832721302
15.8303089432078
15.8615606965091
15.8928124498104
15.9240642031117
15.9553159564129
15.9837112370491
16.0121065176853
16.0405017983215
16.0688970789576
16.0991769524687
16.1294568259798
16.1597366994908
16.1900165730019
16.2154200479971
16.2408235229923
16.2662269979875
16.2916304729828
16.3126748334771
16.3337191939713
16.3547635544656
16.3758079149599
16.3968522754542
16.4178966359485
16.4389409964428
16.4599853569371
16.4809879160703
16.5019904752035
16.5229930343367
16.5439955934699
16.5613801682774
16.578764743085
16.5961493178925
16.6135338927
16.6309184675075
16.6483030423151
16.6656876171226
16.6830721919301
16.70718160606
16.73129102019
16.7554004343199
16.7795098484499
16.8000688365662
16.8206278246825
16.8411868127988
16.8617458009151
16.8823047890314
16.9028637771477
16.923422765264
16.9439817533803
16.9625094990175
16.9810372446547
16.999564990292
17.0180927359292
17.0308688063262
17.0436448767232
17.0564209471203
17.0691970175173
17.0819730879143
17.0947491583114
17.1075252287084
17.1203012991054
17.1450280767805
17.1697548544555
17.1944816321306
17.2192084098056
17.2429697871387
17.2667311644718
17.2904925418049
17.314253919138
17.3335221699483
17.3527904207586
17.3720586715689
17.3913269223792
17.4105951731895
17.4298634239998
17.4491316748101
17.4683999256204
17.4970895271259
17.5257791286314
17.5544687301369
17.5831583316424
17.6117433945324
17.6403284574223
17.6689135203122
17.6974985832022
17.7209356378025
17.7443726924029
17.7678097470033
17.7912468016037
17.8088355865572
17.8264243715107
17.8440131564642
17.8616019414177
17.8791907263712
17.8967795113247
17.9143682962782
17.9319570812317
17.9497330120968
17.9675089429618
17.9852848738269
18.003060804692
18.0166703341641
18.0302798636362
18.0438893931083
18.0574989225804
18.0711084520525
18.0847179815246
18.0983275109968
18.1119370404689
18.136401329237
18.1608656180051
18.1853299067732
18.2097941955413
18.2312419593163
18.2526897230913
18.2741374868663
18.2955852506413
18.3209519973115
18.3463187439816
18.3716854906518
18.397052237322
18.4223893320403
18.4477264267587
18.473063521477
18.4984006161953
18.5122939215801
18.5261872269649
18.5400805323497
18.5539738377345
18.5678671431193
18.5817604485041
18.5956537538889
18.6095470592737
18.634049734264
18.6585524092542
18.6830550842444
18.7075577592346
18.7309364471595
18.7543151350845
18.7776938230094
18.8010725109343
18.8267125505916
18.852352590249
18.8779926299063
18.9036326695636
18.9274593939807
18.9512861183977
18.9751128428147
18.9989395672317
19.0142986202558
19.0296576732798
19.0450167263038
19.0603757793278
19.0714462205965
19.0825166618652
19.0935871031339
19.1046575444026
19.1157279856712
19.1267984269399
19.1378688682086
19.1489393094773
19.1617165133221
19.174493717167
19.1872709210118
19.2000481248566
19.2334176458091
19.2667871667616
19.3001566877142
19.3335262086667
19.3646949614275
19.3958637141883
19.4270324669491
19.4582012197099
19.4869546503989
19.5157080810878
19.5444615117768
19.5732149424657
19.5961302371239
19.619045531782
19.6419608264401
19.6648761210983
19.6877914157564
19.7107067104145
19.7336220050727
19.7565372997308
19.7771841990294
19.797831098328
19.8184779976265
19.8391248969251
19.8597717962237
19.8804186955222
19.9010655948208
19.9217124941194
19.9412843705895
19.9608562470597
19.9804281235298
20
