0,0
2.3315014662584e-05,-1.05638755412679e-05
8.84490263731549e-05,1.2485751765888e-06
0.000184926283960319,8.47460281768724e-05
0.000297925432578518,0.000267973906163967
0.000410081871432018,0.000538613819312511
0.000503170312487344,0.000782475542499423
0.000561469650577104,0.000889991224095797
0.000574126091587778,0.000793115570609371
0.000542119227782575,0.000524526323216953
0.000473488808016672,0.000172250383739381
0.000378784034508583,-0.000171012736362706
0.000273333989569821,-0.000430690409138983
0.000203412639434468,-0.000538935328656599
0.000142625998570527,-0.00059731961547926
9.54472835152423e-05,-0.000619793335855963
6.50300555032093e-05,-0.0006221838011027
5.30973516795786e-05,-0.000618701415133026
5.9688421366645e-05,-0.000612261519696881
8.35963067054734e-05,-0.000598809703646544
0.000122487255327445,-0.000568495471809572
0.000189773662389101,-0.000483581071017317
0.000268021609793289,-0.000335701720887022
0.000347814343226671,-0.000136454292900441
0.000419474932356309,7.54654013748648e-05
0.000474293435849711,0.000244007928513359
0.000502500329344932,0.000307627564234967
0.000498597509723443,0.000239680243623186
0.000461083515273821,5.54702607027837e-05
0.000399200471093643,-0.000171968841858049
0.000317524988384179,-0.000394695814319224
0.000224666488058534,-0.000566131526288939
0.000130746534921148,-0.000662661849638476
2.14920440210986e-05,-0.000679664169110587
-5.07388632271503e-05,-0.000646809839755538
-7.53246037265787e-05,-0.000624922110777136
-5.14666362412599e-05,-0.000617819122336587
-2.29353478524908e-06,-0.00063093388679965
6.45799100560429e-05,-0.000635832440980691
0.000139519107565124,-0.000585017156655592
0.000212570755389474,-0.000477686763759517
0.000271576441912906,-0.000353703555945301
0.000311405818369889,-0.000253447626471981
0.000325726417150156,-0.000211614921706012
0.000310855650671871,-0.00024160744254087
0.000288518593059384,-0.000288404313985937
0.000256690433100564,-0.000347715307367696
0.000216352536889628,-0.000410382796499144
0.000168916674860218,-0.00046668564834301
0.000116143363087877,-0.00051093286988236
6.02085098502963e-05,-0.000526891461047666
3.38613859065525e-06,-0.000512377317179721
-5.21612453122168e-05,-0.000496903225745521
-9.56618666574716e-05,-0.00050566482216129
-0.000136235722419642,-0.000526376819371986
-0.000173051729116938,-0.000554705493953823
-0.000205337354942129,-0.000585726374862395
-0.000269644011226174,-0.000644333879107285
-0.000270983132692575,-0.000592437992709022
-0.000210636545424118,-0.000442496684164727
-0.000106418797566276,-0.000300778529925513
-4.46364285889662e-05,-0.000285166223985463
1.49938642048735e-05,-0.0002895294124294
6.78025179166231e-05,-0.000284036024070462
0.000109931780436692,-0.000262435872910252
0.000138285538283262,-0.000237197358924216
0.000150408954544898,-0.000222015327680877
0.000144933177774954,-0.000223376167833218
0.000121713526814251,-0.000238713591194768
6.10889806940354e-05,-0.000248643030896344
-2.40920098195163e-05,-0.000254095663041038
-0.000123217775667075,-0.000292946041223143
-0.000224706883557831,-0.00039351091929675
-0.000351546259383264,-0.000624934097792261
-0.00042781450536588,-0.000750966790142706
-0.000433412797898049,-0.000641082488808902
-0.000366681946828907,-0.000335903188379284
-0.000265577724060421,-5.88274859435854e-05
-0.000150486959690273,0.0001182411718533
-4.79241739552926e-05,0.000167182929566192
1.95420557452499e-05,0.000148769792076298
3.65881397211503e-05,0.000140400767937959
3.51942477172482e-06,0.000142063833246096
-7.23481033611522e-05,0.000135543907450107
-0.0001764489321986,6.26624168996242e-05
-0.000291431721940642,-0.000134138008941992
-0.000394058983553713,-0.0003703341811386
-0.000464531093194665,-0.000536720237212574
-0.00048794193675098,-0.000536427635559805
-0.000458378479224968,-0.000337520862970447
-0.000382648871778739,-4.32335472689673e-05
-0.000274661858193491,0.000235537612402212
-0.000155749157542566,0.000412846877193054
-6.81141112762858e-05,0.000454043759103187
-1.96352381484432e-06,0.000449618472734419
3.49734926753108e-05,0.000440879446117968
3.93836193467437e-05,0.00043835390703128
1.64382122999981e-05,0.000444790676642497
-2.820075450388e-05,0.000451924304453256
-8.91908553066675e-05,0.000435211815772641
-0.000160033278462936,0.000374642870983317
-0.000236937755778176,0.000254967078574189
-0.000307976752505523,0.000103972844466373
-0.000364953336115103,-3.95974217283062e-05
-0.000400745810135528,-0.000132353515863065
-0.000410270474875555,-0.000144112190696779
-0.000401741554269675,-9.80289841369499e-05
-0.000374956655028008,-1.87056685463805e-06
-0.000331155414713853,0.000125877783755719
-0.00027297567569307,0.000259272073329075
-0.000204530380642675,0.000372337008457788
-0.000130718526529365,0.000446732644752432
-5.69260247155615e-05,0.000475094019972149
9.73820703574381e-06,0.000467049999450695
6.69508218907697e-05,0.000457939577186895
0.000111526983025064,0.000465750181671905
0.000141217858802504,0.000480432564398031
0.000154572208714151,0.000480527716218605
0.000150925623131119,0.000464265602865561
0.000130814891140202,0.000435314667287212
9.59812958436466e-05,0.000404292334948195
2.91303966035498e-05,0.000405615837316455
-4.93060755499965e-05,0.000415463565080428
-0.000128547245827631,0.000375722844925238
-0.000198523673160846,0.000287588240784657
-0.000243971219615433,0.000206834659541138
-0.000270723765768448,0.000151419838882728
-0.000275252415677021,0.000140413067899007
-0.000255967797738695,0.000176612066202984
-0.000225187518370508,0.000228415505587181
-0.000181980541835711,0.000286146725256303
-0.000128535846682931,0.000335068194605949
-6.77893748863584e-05,0.000361819487196715
-3.36964669598751e-06,0.000351221898335343
6.11420261074019e-05,0.000337720606196978
0.000122649606887132,0.000355885448131783
0.000178496145943682,0.000403568409974188
0.000225629682147364,0.000457558512462874
0.000262687841788771,0.000505389367987024
0.000287884510135505,0.000534142237900322
0.00029994204956696,0.000534950279351073
0.000290147213011035,0.000468671777887538
0.000246145993733449,0.000349402911529992
0.000174612308675502,0.000224931204857812
8.68789559559088e-05,0.000145075575345529
2.28354003506729e-05,0.000145408366185038
-3.65264150812599e-05,0.00016022037724625
-8.68302702046865e-05,0.000153256210660802
-0.00012466216491148,0.000127395189400033
-0.000147377735560867,0.000106644703537797
-0.000152942342140969,0.000100102966760413
-0.000140560460247097,0.000110651612035771
-0.000110746199127599,0.000131858984262528
-4.48598057000669e-05,0.000133952101734864
4.10516785578396e-05,0.000131459113855444
0.000136473436751638,0.000175737188995954
0.000230594437705652,0.000282462758478556
0.00030953650364326,0.000420441888180553
0.000368741685714749,0.000534066340154594
0.00040127260754948,0.000575562714960787
0.000402875276161148,0.000520784515557682
0.000368562885066338,0.00035908277128357
0.000301883014731813,0.000154423132252692
0.000212837567105075,-2.66711979216562e-05
0.000115404163333552,-0.00013569629863644
5.22785965540829e-05,-0.000154125776406587
-2.36888525121359e-06,-0.000149865220478247
-4.48136230060797e-05,-0.000146387104266107
-7.2414830121245e-05,-0.000149241148221015
-8.35493769451269e-05,-0.000150462025270969
-7.75363187575268e-05,-0.000146209272304991
-5.48894366849678e-05,-0.000139657795836517
-1.73603597919429e-05,-0.000140489108837575
5.81106082132934e-05,-0.000145208227243152
0.000148167476457881,-9.45141464500411e-05
0.000241201786858135,3.08136632402361e-05
0.000325360146299248,0.000200694133254044
0.000388696410799999,0.000348012937681921
0.000422526106910766,0.000408564390301007
0.000420925895941079,0.000349640538172998
0.000382781650238995,0.000185649577843941
0.000317881639394784,-1.28018511296139e-05
0.000233148113524191,-0.000191458724229937
0.000139415154807945,-0.000306243220408305
4.88657262738954e-05,-0.000343702679564654
-1.28760851117391e-05,-0.000336542897231613
-6.02669743244738e-05,-0.000328162736598042
-9.01415271343003e-05,-0.000328864007609298
-0.000100748983788597,-0.000330198014829442
-9.15514098222526e-05,-0.000315377744697596
-6.37660733723465e-05,-0.000306712726521641
-2.02115951760048e-05,-0.00031762109509342
3.51259563917262e-05,-0.000331234178485591
9.73403495945032e-05,-0.000314102752455823
0.000161965991108354,-0.000257828127099409
0.000224267046221476,-0.000168383696590509
0.000279591456472294,-6.24083672634459e-05
0.000335033003778862,6.28403242103494e-05
0.000361454883707983,0.000117524435495754
0.000353549420712686,7.51954445547853e-05
0.000310633975675672,-4.8804086861084e-05
0.00026665833390012,-0.000147659715918097
0.00021247135201719,-0.00024079618581178
0.000151140411518746,-0.000312736180623371
8.62669586252379e-05,-0.000353028497113491
2.18935190507099e-05,-0.000349352586398685
-3.82366224665642e-05,-0.000333163649914531
-9.10751899437753e-05,-0.00033749431180591
-0.000134247050492002,-0.000360778019412613
-0.000164964151051546,-0.000381848714672358
-0.000183449707616407,-0.000392914629385503
-0.000188852052869838,-0.000387975081470102
-0.000180959249460182,-0.000366285186711755
-0.000156298572886104,-0.000327679368443345
-0.00011693326271396,-0.000286724661819554
-6.60012703922017e-05,-0.000257659831077959
-7.59915424991745e-06,-0.000256443507372094
5.35403122635225e-05,-0.000261663078903087
0.000113182195120425,-0.000237205116060036
0.000167459660778486,-0.000186246502809314
0.000212775103448393,-0.000122603562242525
0.00026051074683363,-4.00913585047297e-05
0.000261515665264657,-4.08085562226221e-05
0.000212914506174726,-0.000125874404034648
0.000122257534641484,-0.000228151907431829
5.03602136968757e-05,-0.000243126927072657
-2.53432679778473e-05,-0.000238509683321297
-9.91610395314903e-05,-0.000254497547442082
-0.000166056532931478,-0.000301796218665147
-0.000221608286576958,-0.000364935534535591
-0.00026179882522793,-0.000416997945260351
-0.000283618755855918,-0.000437130743282504
-0.000285298309897572,-0.000414789792039581
-0.00027518183577476,-0.000377052811838822
-0.000256510005181392,-0.000325768376339737
-0.000229951049943989,-0.000266868223850562
-0.000196505482932439,-0.000207377958620638
-0.000157480589540851,-0.000154741229207784
-0.000114459210524421,-0.000115334077386032
-6.91814288342939e-05,-9.35085489507793e-05
-2.34900290977352e-05,-9.10932927186132e-05
5.9375485495197e-05,-8.9645953191887e-05
0.000126438761127247,-6.21149742437442e-05
0.000169343881299694,-2.52617231402533e-05
0.000182437958311858,-8.48809316960172e-06
0.000177116073227869,-1.62325635982056e-05
0.000164154672327895,-3.20240023527246e-05
0.000143863802787297,-5.28102757582345e-05
0.00011681350325836,-7.4280967845933e-05
8.37998875689009e-05,-9.39784309483045e-05
4.59389077502003e-05,-9.93576958174135e-05
4.50921072227563e-06,-8.65277390275204e-05
-3.91654134550713e-05,-7.35896526650199e-05
-8.00326324551362e-05,-7.95711998047996e-05
-0.000120913794355941,-9.99700043231385e-05
-0.00016093715993873,-0.000133472041832911
-0.000199240074105204,-0.000177447049486456
-0.000280361402222836,-0.000305572656399332
-0.000335018090147789,-0.000400713903409837
-0.000355011992037973,-0.000409599960617303
-0.000336687002155808,-0.000318791188519016
-0.000313260737448972,-0.000243243295702918
-0.000281362168631482,-0.000158686101905638
-0.00024224197386273,-7.43780221508645e-05
-0.000197502796093381,7.80422577629006e-07
-0.00014904543544502,5.90414145582087e-05
-9.89763884665844e-05,9.57822141869548e-05
-4.94419117392145e-05,0.000109612082924385
-2.54972237204564e-06,0.000102545275214729
6.82839461447751e-05,9.88379911721116e-05
0.000117382814860008,0.000117336278216163
0.000139496196511021,0.000128678955134214
0.000132095580313108,0.00011810937019117
7.88125800080664e-05,9.55542191173672e-05
-1.1766628782363e-05,7.13420431528266e-05
-0.000121749601313346,1.72753010369536e-05
-0.00023067273262069,-9.96049023940539e-05
-0.000311377054722409,-0.000249875160694177
-0.000361076423303298,-0.000344149039918154
-0.000370715149931913,-0.000326524170202095
-0.000337361548626613,-0.00019674590836114
-0.000305055409346485,-0.000104036916046569
-0.000264062271787008,-8.3473739464458e-06
-0.000216211570462601,7.89474221565467e-05
-0.000163719325373982,0.000148303432687104
-0.000109076333629694,0.000195539925415406
-5.49706595122031e-05,0.000211829242785494
-3.978749412769e-06,0.000199684238292329
4.16235015907863e-05,0.000185156217302745
7.46120068112628e-05,0.000188748337772082
0.000101660424089541,0.000197883578127673
0.000122042873929308,0.000207806660495611
0.000135192684752682,0.0002145947930682
0.000140677488030609,0.000215517557844466
0.000138750121069149,0.000209980183036201
0.000129469330501526,0.00019871962993608
0.000113124373599232,0.000183988845574896
9.0227774222836e-05,0.000169713298026337
6.15613256314185e-05,0.000159952171519165
2.80968682758218e-05,0.000157483572962992
-9.05269592262241e-06,0.000164002404390925
-4.38120031820933e-05,0.000168492820298568
-7.97324886339657e-05,0.000161249264990929
-0.000116080479552427,0.000141837411554847
-0.000152115150968343,0.000110896817041947
-0.000235423127153169,-4.55300919545457e-06
-0.000301290169703771,-0.000127038541491754
-0.000340512212693311,-0.000202767605182619
-0.000346797315608093,-0.000195139269606336
-0.000334690794104656,-0.000149261303564912
-0.000311599543419502,-8.09183378099168e-05
-0.000278348787736363,7.02772153503837e-07
-0.000236305475901374,8.44989069181229e-05
-0.000187332782527108,0.000158683773698715
-0.000133734966747383,0.000213606286572896
-7.80346347377181e-05,0.000243265635899561
-2.28713754079267e-05,0.00024610994190217
6.22438903728308e-05,0.000245620141557942
0.000129063452922577,0.000268147144401895
0.000170432605120172,0.000294017545633743
0.000181920467025629,0.000296691091193254
0.000175830337683562,0.000282261019149528
0.000161996220836955,0.000260357653264374
0.000140884037847832,0.00023456801972929
0.00011322828004702,0.000209567173857664
7.99948651782073e-05,0.000188189655551381
4.2456829878974e-05,0.000181936187358657
2.02500635133938e-06,0.000193587555814708
-3.98707931309952e-05,0.00020497846133596
-7.83676491422901e-05,0.000197937903447585
-0.00011610228550696,0.000177654581333234
-0.000152162538007082,0.000146168893879424
-0.000185660244383984,0.00010667834748548
-0.000254196104586413,-3.23732291095367e-06
-0.00028798618942835,-6.25315371405101e-05
-0.000279656338920395,-3.17045165353226e-05
-0.00022876289197306,7.19249453176314e-05
-0.000172366350376609,0.000156666883501013
-0.000103908262895008,0.000207567512668033
-2.93382019659813e-05,0.000206855088262102
4.51429628360532e-05,0.000190148656250917
0.000113813605052755,0.00021091668968023
0.000172094667182288,0.000256496408246153
0.000215930863768314,0.000304277820185446
0.000242093847402298,0.000332883932935283
0.00024832124643218,0.000325711134888377
0.000233520584980016,0.000282769954177002
0.000198807084270081,0.000216012932962043
0.000147180206879455,0.000146821749396216
8.3417119896587e-05,0.000105270162219631
1.36939952028671e-05,9.17492461586789e-05
-5.58143005919132e-05,8.61861354383573e-05
-0.00011938127977303,6.31714710823217e-05
-0.000168253433763255,1.81501018226028e-05
-0.000204609598070969,-2.67515615145107e-05
-0.000225797879980204,-5.53221609656675e-05
-0.00023004133090978,-5.7369534827776e-05
-0.000215114419657063,-2.7509789813737e-05
-0.000180939939838125,2.2908714516907e-05
-0.000129972927071123,7.49383584527187e-05
-6.63007132490062e-05,0.000106955266040187
4.50020336166468e-06,9.78117020680406e-05
7.66519545803105e-05,9.10890398037487e-05
0.000145008647279502,0.000125562678694132
0.000205048009455332,0.000193758424671055
0.000252218293913419,0.000261543595880906
0.000283692875792475,0.00030806823437175
0.000296937467191108,0.000316777742573256
0.000290660808295061,0.000282166213398702
0.000275604733329302,0.000237618723604955
0.000252344703730367,0.000181840079167136
0.000221665670021644,0.000121416187895508
0.000184668255209276,6.35745849572058e-05
0.000142738959827184,1.55238037922868e-05
9.75081461585787e-05,-1.70421663278031e-05
5.07302456509999e-05,-3.06720920959671e-05
4.22803835917022e-06,-2.4562348371453e-05
-7.86678424062459e-05,-2.55466035852952e-05
-0.000144382046383147,-6.27499019509789e-05
-0.000185264491914688,-0.00010090471003107
-0.000196160580998429,-0.000109587537439557
-0.00018080939979147,-8.27598988092214e-05
-0.000144464077669355,-4.00777831948993e-05
-9.02430748837868e-05,-2.43380649837563e-06
-2.31876963125505e-05,7.43591823189845e-06
5.02310414162754e-05,2.64223010321719e-06
0.000123869625240234,2.97604032380827e-05
0.00019206529929819,9.55728833279488e-05
0.000249594543912721,0.000181134821500401
0.000302910460850086,0.000271127833241705
0.000317758564694002,0.000277141434101663
0.000290537614849241,0.000186445032717281
0.000224779603456741,4.22107664568221e-05
0.000192536282200903,-8.2314027718164e-06
0.000157222114109613,-5.12440091196177e-05
0.000119722804852103,-8.37665699141161e-05
8.09905957295905e-05,-0.000103732001364042
4.20323399931484e-05,-0.000108945846293793
3.84121874542576e-06,-0.000104570114670063
-3.2686611223156e-05,-9.93095369744858e-05
-6.67689638050349e-05,-0.000100524929553414
-0.000104753531180875,-0.000114293379497652
-0.000136747249731167,-0.000134692102369094
-0.000161724371659402,-0.00015542945057072
-0.000178842583323722,-0.000170937819526457
-0.000188274837060481,-0.000173730028379465
-0.00017239585859799,-0.000146464542751431
-0.000132606189518105,-0.000102008571961029
-7.30327798365543e-05,-6.58946510307343e-05
-4.6256814185436e-07,-7.58654498761876e-05
7.7167510983284e-05,-8.372452649289e-05
0.000152504903917868,-3.97169945202803e-05
0.000218922652656189,4.70823627764512e-05
0.000266800934096002,0.000126690748697263
0.000297802335801399,0.000180617627435839
0.000308927852355143,0.000190349345974524
0.000298681377147205,0.000150755250104768
0.000281679306172058,0.000105032612366343
0.000257018321216167,4.91447314783743e-05
0.000225435270747112,-1.05899313712714e-05
0.000187946475219401,-6.73713099333576e-05
0.000145821515317413,-0.000114492134342783
0.000100545911542834,-0.000146628056040491
5.37184228469008e-05,-0.000160480498964033
7.00304122159539e-06,-0.000155135303082584
-7.97904033333646e-05,-0.000156323394526462
-0.00015004159416613,-0.00019480670614512
-0.000195952161735465,-0.000236231477399484
-0.000212147430437945,-0.000247418119171342
-0.000191141104062399,-0.000182439725279483
-0.000132941358166772,-0.000128381141217808
-4.83579710290201e-05,-0.000151137796118754
4.77103740442976e-05,-0.000189024851537181
0.000134957289343745,-0.000144858915847421
0.000206378415744671,-6.25086509321668e-05
0.00025172798338144,8.53866297381627e-06
0.000263684864046774,2.64962000793411e-05
0.000247920199233316,-9.59306938604329e-06
0.000211285421211845,-7.31091413333045e-05
0.000156463067065295,-0.000141592465995407
8.80435908807604e-05,-0.000189397946053193
1.24279831452011e-05,-0.000179579665645339
-6.3608199367153e-05,-0.000160357674257488
-0.000134203370962568,-0.000185561807553161
-0.00019445815338383,-0.000247842095364244
-0.000234249419084202,-0.00029863782787901
-0.000261138353398534,-0.000333271165921075
-0.000273459274272524,-0.000340638693437952
-0.000270333970711225,-0.000316585370558239
-0.000258097916548669,-0.000280334477360362
-0.00023781974455066,-0.000233052534818957
-0.000210173836140005,-0.000180434994312715
-0.000176133696926305,-0.000129001599069706
-0.000136947771355082,-8.54953054527315e-05
-9.41081769334994e-05,-5.55570836058146e-05
-4.92447456009468e-05,-4.29167059116044e-05
-4.07594075981445e-06,-4.89636642137018e-05
8.00004143390413e-05,-4.68469293481102e-05
0.000148615415228979,-4.51256911160578e-06
0.000193509911710749,4.25704252798744e-05
0.000208801755658561,6.04661631991809e-05
0.000197044329004245,3.79876119058944e-05
0.00016397274661438,-5.64357359743969e-06
0.000112219160941935,-5.05638451896486e-05
4.63922176195014e-05,-7.30601018347174e-05
-2.72274858010271e-05,-6.60378437087884e-05
-0.00010230547756209,-7.66096774800881e-05
-0.000173072702217055,-0.000130125309291381
-0.000234297132824839,-0.000212786861454467
-0.000288860812537453,-0.000301303805076489
-0.000315594047532045,-0.000335317633699379
-0.000310597657794747,-0.000293126160181803
-0.000273857694207755,-0.000187100573445507
-0.000231291484577046,-9.66774368994561e-05
-0.000177954067776988,-1.42993191991948e-05
-0.000117432920259903,4.42380384299012e-05
-5.38988358805078e-05,6.92222564486974e-05
8.10025120674159e-06,6.1443949312139e-05
6.45778333278936e-05,5.41874440358665e-05
0.000112269631930047,6.8893712482971e-05
0.000148580519970771,9.74707415785783e-05
0.000171390960223816,0.000117751848631752
0.0001793368224258,0.000122380764899877
0.000171776710660576,0.00010843035187347
0.000149029963566972,8.02274500048326e-05
9.21632542485479e-05,4.11011774624402e-05
1.4580684030323e-05,1.98251238923852e-05
-7.36886418789078e-05,2.76757542316819e-06
-0.000161951026328723,-4.87371198853899e-05
-0.000230073602705805,-0.000138275482652517
-0.000284640696025959,-0.000230103379486933
-0.000320611276412847,-0.000292582456448629
-0.000334305090241173,-0.00030240172523021
-0.000330454199127055,-0.000275913419466312
-0.000316841695084335,-0.000227008143083504
-0.000293853126932556,-0.00016117581258487
-0.000262290523382998,-8.62041827051054e-05
-0.00022335420433748,-1.13769105785936e-05
-0.000178635447147284,5.41809070173477e-05
-0.000129983733294527,0.000103175982611149
-7.94467531651429e-05,0.00013095503593289
-1.49101604944371e-05,0.000123892466465952
4.45950289378634e-05,0.000105290633001112
9.54870868922648e-05,0.000111396950730698
0.000135015611816754,0.000137373388543761
0.000161032387964967,0.000157724160221893
0.000171784427677019,0.000164063212089473
0.000166497814878717,0.000152194102061316
0.000145412164605893,0.000125641821304278
8.99339411061577e-05,8.81383461727371e-05
1.27323947041304e-05,6.71173192664748e-05
-7.57758738781652e-05,4.84413733218324e-05
-0.000164408342707473,-6.18232316513485e-06
-0.000233128679151434,-9.96080326260562e-05
-0.000287368873438,-0.000193423188651767
-0.000321738943808735,-0.000254071795949699
-0.000332405131395932,-0.000258020015188865
-0.000326284342285433,-0.000227806286244952
-0.000310560869437876,-0.000176494579313236
-0.000285688492818088,-0.000110000629676502
-0.000252527796547915,-3.6287692458253e-05
-0.0002123254519302,3.54364435650335e-05
-0.000166700398306933,9.6403751841967e-05
-0.000117510154367055,0.00013982591914127
-6.67901446536376e-05,0.000161649216811834
-1.10166483964722e-06,0.00015364569729873
5.89633626648287e-05,0.000140773216036104
0.000109777342343887,0.000152688015005761
0.000148525061898815,0.000181563713425194
0.000173016127536298,0.000201539993835946
0.00018155244904332,0.000204506383882779
0.000173492146480848,0.000187357206343908
0.000149294126011636,0.000155263987969712
9.13933468331345e-05,0.000114160951106172
1.36068309871583e-05,9.21642849589735e-05
-7.37091378573331e-05,7.42187683698747e-05
-0.0001596759572757,2.31739177260788e-05
-0.000224810475575813,-6.27584976145281e-05
-0.000275317190558679,-0.000147514894214855
-0.000306278772396834,-0.000200638558021604
-0.000314273060699992,-0.000201697862908399
-0.000306726530737083,-0.000172123708365812
-0.000289561957790992,-0.000123258805303173
-0.000263290497191805,-6.1223949890698e-05
-0.00022883465874802,5.95208534416827e-06
-0.000187505127204905,6.91563241374735e-05
-0.000140982061806848,0.000119943721349295
-9.11751906893865e-05,0.000152024002087999
-4.01602296141035e-05,0.000161997002418859
3.19457318735273e-05,0.000156376607245324
9.6509629410525e-05,0.000163602755036848
0.000148935589836806,0.000193451899145699
0.000185581118683632,0.000229249616748559
0.000203716980669902,0.000243630691464778
0.000201705169256625,0.000229896799497394
0.000179562724861321,0.000191053583472748
0.000139050231574331,0.000141463864291637
6.81751558952269e-05,0.000111156095186572
-1.55219030201622e-05,0.000101445283097346
-0.000101410314994657,7.27286105866458e-05
-0.00017935995921982,6.66794639460233e-06
-0.00025833450080527,-0.000112096796424135
-0.000284011394893059,-0.000146401724170535
-0.000248003466774227,-5.6526563386674e-05
-0.00015706234475746,8.53044560309011e-05
-8.28126933013001e-05,0.00012882711382069
-3.61817920807941e-06,0.000141105031123168
7.31835590716673e-05,0.000152404815460279
0.00014102222846479,0.000185063003094549
0.000194344716927081,0.000237610037345068
0.000228579766329211,0.000276371805824733
0.000240588096203936,0.000280783874921606
0.000229074056351402,0.000245419700529589
0.000202047263005625,0.00019261150813493
0.000161045223850858,0.00013464341046517
0.000108900029074631,8.77664588415594e-05
4.93611770796173e-05,6.61417238828152e-05
-1.30806832098245e-05,7.41210869564225e-05
-7.41781752556128e-05,7.63945243007738e-05
-0.000130217404826618,4.92130993638677e-05
-0.000177962813363018,-3.0500967321506e-07
-0.000218517655282578,-5.42594284394412e-05
-0.000241088861350877,-8.5968107520228e-05
-0.000243398188358616,-8.23868496980582e-05
-0.000224746423074367,-4.36944239384416e-05
-0.000192972280502948,7.64992538880827e-06
-0.000148491102026318,6.00102042725377e-05
-9.4029216781187e-05,9.81759602889452e-05
-3.30970787669138e-05,0.00010959564804365
3.02386345726355e-05,0.000101824996294252
9.22911098746872e-05,0.000109127640524821
0.000149782128568901,0.000144656949972652
0.000199767516024095,0.000199764792901573
0.000248305355155957,0.000266487271340787
0.000275820526284089,0.000301794832359959
0.000279425771288658,0.000288011588058193
0.000258406601481037,0.00022642550008263
0.000205134700833014,0.000109796603532468
0.000128722972713358,2.91921987374638e-05
4.03912104992488e-05,3.1356130656416e-05
-4.74048691794812e-05,5.9080230862789e-05
-0.00012350899834053,2.71931605859776e-05
-0.000178141378883763,-2.31953144164749e-05
-0.000204200263109269,-5.20470503727848e-05
-0.000197726245594062,-3.81364524270117e-05
-0.00018431795759418,-1.81618376434986e-05
-0.00016479757564208,6.43719832428963e-06
-0.000139636496240787,3.20580499930771e-05
-0.000109484889402566,5.46627758255508e-05
-7.51442995969293e-05,7.19100041884872e-05
-3.76129543359463e-05,7.55094892655544e-05
2.03686998446681e-06,6.45651468882019e-05
4.27422280512221e-05,5.47031204664822e-05
8.14739519078276e-05,6.13274720214428e-05
0.000119565809812765,8.04939937126133e-05
0.000156272028725904,0.000110466676946401
0.00019086284729035,0.000148538038317413
0.000268473378673213,0.000265149845929551
0.000313255087087798,0.000334384809290602
0.000317338401483317,0.000307855113310795
0.000279148749370399,0.000191645282369255
0.000237274823656351,9.99706133456346e-05
0.000184448141482072,1.51074555653543e-05
0.000124203094149735,-4.68498571335582e-05
6.06750025389465e-05,-7.5675822584711e-05
-1.57770051914035e-06,-6.76680795100108e-05
-5.84964705783997e-05,-5.67386916773327e-05
-0.000106773789278243,-6.87387361059657e-05
-0.00014380702775749,-9.65237136324987e-05
-0.000166952510953343,-0.000116523151307082
-0.000176249837571811,-0.000122763066422958
-0.000171034093154751,-0.000111894726360378
-0.000151473119293848,-8.69557396240063e-05
-9.77859007849299e-05,-4.57316475430324e-05
-2.21088650399133e-05,-2.22838033013699e-05
6.56482932361065e-05,-9.02613319122405e-06
0.000154692229677596,3.64179012662756e-05
0.000222234415181336,0.000121465156613384
0.000277941332981948,0.000213625052962038
0.000317033923962611,0.000283550224298262
0.000335840446794163,0.00030739726477113
0.000335789419226962,0.000289573782721812
0.000325101947902459,0.000245781116255652
0.000304050985848271,0.000181101908570252
0.0002733988682995,0.000103683909377367
0.000234381109829297,2.38194720069009e-05
0.000188711299226115,-4.7920020466101e-05
0.000138425001294936,-0.000102862027218525
8.58098896291662e-05,-0.00013525745194988
2.07232349272559e-05,-0.000132047177178224
-3.95374357204524e-05,-0.000115552088529488
-9.12886649175426e-05,-0.000121211649752206
-0.00013168364325625,-0.000145958724710278
-0.000158504760760611,-0.000166282338161759
-0.000169960495721031,-0.000173031147045236
-0.000165241176690335,-0.000161677863184957
-0.000144564491647413,-0.000135535664542553
-8.93997134812541e-05,-9.8435218752004e-05
-1.22425437165582e-05,-7.74672611710367e-05
7.63835739865575e-05,-5.83360534418076e-05
0.00016516219678612,-2.8372898094438e-06
0.000234073066255925,9.16710779671186e-05
0.000288243922209462,0.000186007284419922
0.000322190264769635,0.000246081332302215
0.000332040040582134,0.000248323772316841
0.000325330080423674,0.00021706986240416
0.000309059783396774,0.000165064926883626
0.000283701358695199,9.83343599821081e-05
0.000250131260883032,2.48845590783715e-05
0.000209608791944945,-4.61000705871963e-05
0.000163760542765242,-0.000105948795236949
0.000114446438090169,-0.000148008744587716
6.36988730726111e-05,-0.00016838541137687
-2.53715944844417e-06,-0.000160581309596419
-6.29206369820978e-05,-0.000149761607220441
-0.000113767467479831,-0.000163430778493816
-0.000152211228965983,-0.000192922639656462
-0.000176030992602671,-0.000212377623106196
-0.00018354594454627,-0.000213796284727788
-0.000174173718823344,-0.000194578054904069
-0.000148479457402011,-0.000160660260572806
-8.92900795290482e-05,-0.000120144695968643
-1.09604171271084e-05,-9.90485661336286e-05
7.61395489369845e-05,-7.99945475427608e-05
0.000161227738037416,-2.75201275464134e-05
0.000226070848509457,5.89288161015205e-05
0.000275449462235913,0.000141909416086879
0.000304382309222451,0.00019051446697427
0.000309515678349113,0.000185288424073725
0.000300051676668901,0.000152500438038254
0.000281091254357903,0.000101830855545498
0.000253220127489808,3.97583393552242e-05
0.000217428724127786,-2.55671940504459e-05
0.000175086131236512,-8.51527060476291e-05
0.000127914452257612,-0.00013095347092953
7.78462990314526e-05,-0.00015723019360644
2.69597834912636e-05,-0.000161232368733383
-6.22408351726661e-05,-0.000162580601731341
-0.000136688408903302,-0.000192051039960939
-0.000188008710194611,-0.000234007957339454
-0.000210343595209123,-0.000254945324312712
-0.000203983176196162,-0.000232134874709583
-0.000174458222186623,-0.000183610691246502
-0.000124563454611593,-0.000129923329955109
-5.93820397469238e-05,-9.70489722392134e-05
2.89618018611842e-05,-9.91957129790743e-05
0.000116675032560644,-8.09338929279245e-05
0.0001926932960931,-1.04431836987854e-05
0.000247662813607431,7.74360001391465e-05
0.000271688884676475,0.00011514944050463
0.00027336612788058,0.000107928023213078
0.000251857392052914,5.63599742294032e-05
0.000208569765565678,-2.22596989254979e-05
0.000184535809320221,-5.64008840778562e-05
0.000157647901736132,-8.7694832664429e-05
0.000128368410666946,-0.000113927444956788
9.72121799710244e-05,-0.000133196913847005
6.47315102700767e-05,-0.000145136868393252
3.15311201690391e-05,-0.000145948060148017
-1.78563780700858e-06,-0.000136414333345981
-3.46547115486534e-05,-0.000127453863069518
-6.72220605954593e-05,-0.000129532893961776
-9.83795716350243e-05,-0.000139961881247973
-0.000127682491949684,-0.000157091567258156
-0.000154704041589784,-0.000178894403359303
-0.000229182791910488,-0.00026362601362142
-0.000250063860318667,-0.000276407949901374
-0.00021189657926921,-0.000189640686022101
-0.000123241321389819,-7.33175097916499e-05
-5.54463531669377e-05,-5.19841804036245e-05
1.5872029279087e-05,-5.22636611696183e-05
8.46763988260295e-05,-3.90704438510246e-05
0.000145611425074937,2.30727127449197e-08
0.000194043915482473,5.36822091173376e-05
0.000225938239889004,9.60360934818372e-05
0.000238416624462867,0.00010929520660654
0.000230027482638097,8.71108275091853e-05
0.0002056071674283,4.29340670165826e-05
0.000166670661947349,-1.00450735811998e-05
0.000115671670561932,-5.58985081280085e-05
5.60415534667383e-05,-7.9435143822795e-05
-7.93601312509286e-06,-7.03817335849214e-05
-7.20582804370852e-05,-6.48346820675549e-05
-0.000132614979631602,-9.19853525880225e-05
-0.000186339764635108,-0.000146725419798767
-0.000233581043611831,-0.000209757676120252
-0.000265743340960714,-0.00025619189778392
-0.00028030255802236,-0.00026958201621351
-0.000275894177802703,-0.000243451192328883
-0.000262474384715485,-0.000206162216497963
-0.000241093991984418,-0.000157994183627878
-0.000212430104221483,-0.000104767649993144
-0.000177454897702188,-5.30668766893699e-05
-0.000137411369284693,-9.64531782317256e-06
-9.37815692717207e-05,1.98868344928143e-05
-4.81819509073703e-05,3.18479926266893e-05
-2.31482484122395e-06,2.49039810646589e-05
8.33231573190934e-05,2.69908695526975e-05
0.000153525885782747,7.11742063063202e-05
0.000200107179885307,0.00011965616676956
0.000217195551355363,0.000137321567530021
0.000206182406348748,0.000111473178599032
0.000172377005097601,6.15348777069973e-05
0.00011876028045599,9.64335583607622e-06
5.05508573925344e-05,-1.79821508288611e-05
-2.51535198857691e-05,-1.17182223805166e-05
-0.000101226784641214,-2.13733275527318e-05
-0.000171272588129395,-7.4073434936993e-05
-0.000229618620414174,-0.000153290220746998
-0.000273606509418413,-0.000222577589177689
-0.00029325319097582,-0.000245860841268408
-0.000285893476168157,-0.000209611915724776
-0.000251713610142164,-0.000124627348834943
-0.000212476278464584,-5.11310518858205e-05
-0.000163364116881029,1.59123715939015e-05
-0.000107262141797195,6.3301632103938e-05
-4.75614546414707e-05,8.21294032373001e-05
1.19934484187381e-05,7.37804734567923e-05
6.80679664190468e-05,6.90549171462635e-05
0.000117846671730989,8.71592960574512e-05
0.000158967996409327,0.000121660821218318
0.000191748771047286,0.000155681209669432
0.000209465157206981,0.00017343642212942
0.000210804158625687,0.000167158349414798
0.00019548067438479,0.000137516231137332
0.000181787589145552,0.000116445310119675
0.000164343640424882,9.34910111432638e-05
0.000143443877166102,7.06770812389017e-05
0.000119454927618187,5.01310732980388e-05
9.28105402212581e-05,3.39779244862931e-05
6.4005365857599e-05,2.41243214187639e-05
3.35784985664284e-05,2.20824055717802e-05
2.10560258397634e-06,2.88764651085888e-05
-9.18079936066912e-05,2.26171171912692e-05
-0.000177703716396329,-4.53013776406316e-05
-0.000244646524598542,-0.000136995507248468
-0.000283576544731,-0.00020070125738852
-0.000290254875269662,-0.000199415235424773
-0.000275726709015138,-0.000153950604927944
-0.000240732185617131,-7.62623087153872e-05
-0.000187954602991239,1.08657821718617e-05
-0.000137068821600039,6.87281772918317e-05
-8.09412734766765e-05,9.93807924782861e-05
-2.27771859417035e-05,9.85132241798853e-05
3.42728977670623e-05,8.66610279230454e-05
8.73649501523047e-05,9.49835646223829e-05
0.000134186445873923,0.000121683078330426
0.000172641529016523,0.000156106186068847
0.000200922905030771,0.000187082528166077
0.000220826023324232,0.000205656435122543
0.000215256153576848,0.000185368422494137
0.000184433655769952,0.000132708033547607
0.000131385000644336,7.13330936348971e-05
6.19421506515035e-05,4.61266864966542e-05
-1.58974628091875e-05,4.20020780455339e-05
-9.4182981604405e-05,2.13807847202547e-05
-0.000165534746399281,-3.21927353539878e-05
-0.00024364593013158,-0.000139447728740675
-0.0002767953872769,-0.000184629802978292
-0.000256672493192169,-0.000123121813077684
-0.000186051359590283,3.39365241422378e-06
-8.29101451477055e-05,6.17049192168027e-05
3.11302581462216e-05,8.13311616891115e-05
0.000134068990997889,0.00013163304830017
0.00020736345374366,0.000205240982360749
0.00023620845070636,0.000233681022392056
0.000223920521768757,0.000197353572031167
0.000171884466632487,0.0001144573614054
8.87064187635117e-05,4.06243162467398e-05
2.23001169706544e-05,4.4666946068328e-05
-4.57209094681883e-05,6.02848061725332e-05
-0.000110332618688221,4.24203143534647e-05
-0.000167213075545772,-8.82628646377693e-06
-0.000212541977212265,-6.62598135828607e-05
-0.000242756872107549,-0.000110008359592622
-0.000255332373507362,-0.000124383787311891
-0.000248920683362027,-0.000103425375112059
-0.000226116389588967,-5.64522357886905e-05
-0.000188378705280299,3.03962526849595e-06
-0.000138061549373848,5.86414144364385e-05
-7.85424708224529e-05,9.40984507956812e-05
-1.41841989078153e-05,8.42854100501838e-05
5.0516577416748e-05,6.55068503319183e-05
0.000111664029138075,8.04409389892824e-05
0.000165962836520804,0.000127329096834918
0.000206781467168588,0.000175026117802378
0.000237448088806706,0.000216166701926142
0.000256331719852455,0.000239925190421936
0.000262316933562178,0.000239548473546051
0.000257265307153654,0.000219878994662893
0.000243366729612868,0.000185314793868161
0.000221037647873881,0.000140378337017134
0.000191040344144411,9.12948508080327e-05
0.000154467080149483,4.53581212534551e-05
0.000112730906593494,9.62821910067845e-06
6.74592227728159e-05,-1.03753895761429e-05
2.04455042029484e-05,-1.13095831805853e-05
-6.85704561979287e-05,-1.38380152494034e-05
-0.00014637459368546,-5.42690791313307e-05
-0.000203812212832195,-0.00011395120571748
-0.000233867296519502,-0.000154356231749736
-0.000233272648410988,-0.000140878018480692
-0.000204715736835639,-8.73203510252488e-05
-0.000150961256430765,-1.80169022203416e-05
-7.80858796381514e-05,3.19832608736213e-05
-7.54886818329236e-06,2.23805902345368e-05
6.40703437618613e-05,7.28288728008019e-06
0.000131309891687124,3.38353354990395e-05
0.000189492816089496,9.5831710826615e-05
0.000234490454401303,0.000157673077734242
0.000262494762405731,0.000197913934832953
0.000270980292326168,0.00020091528316749
0.000258864136978953,0.000163505629869717
0.000234550145006487,0.000110358931540727
0.00019847977136572,4.87454281138767e-05
0.000152550830308294,-8.60877793916687e-06
9.93189025284451e-05,-4.95504318646697e-05
4.19477845569666e-05,-5.82108714285253e-05
-1.62250166913511e-05,-5.1930804879693e-05
-7.21764614886926e-05,-5.63723704064143e-05
-0.000123265418606364,-8.06266414355585e-05
-0.000168438266878878,-0.000120022918251021
-0.000203629823050412,-0.000160070361255019
-0.000226934642919125,-0.000188495564395331
-0.000236975013212484,-0.000196543323381887
