0,0
9.12837579410999e-06,-3.38189745769448e-06
3.59381814084695e-05,-7.84296761105632e-06
7.91599190500457e-05,-1.5751887073426e-06
0.000136982070737702,3.16042455704034e-05
0.000207162145462162,0.000109606524860634
0.000287278012120084,0.000245645724085792
0.000374687552349681,0.000444207426669326
0.000466542480991188,0.000699200363711146
0.000575712706307478,0.00104663047756766
0.000681306949925773,0.00139741873370686
0.000777405394798684,0.00169168911017479
0.000857812386887568,0.00186735030375003
0.000922119074374065,0.00185410877463676
0.000950313610169943,0.00158164277718752
0.000937123957179305,0.00106512952565747
0.000881423980118835,0.000375661491721283
0.000786450418489935,-0.000374269361964377
0.000661205775556739,-0.00106445442166646
0.00051780141034233,-0.00160627023465135
0.000370321244940288,-0.00195906726634585
0.000228086781871845,-0.00213262996819885
0.000109877649988204,-0.00217844783564114
2.36774861996223e-05,-0.00216743463098031
-2.72763481047481e-05,-0.0021446891501836
-4.38129690367125e-05,-0.00211617253526015
-3.42072106568016e-05,-0.00210039518055309
-4.65626139351854e-06,-0.00211152723881738
3.72026923911039e-05,-0.00211812588470175
9.01440386882652e-05,-0.00206830989876627
0.000136762301513802,-0.00197491706747564
0.000165590017472878,-0.00186659211299631
0.000166533985264461,-0.00177890167439477
0.000112737691228269,-0.00173801567240102
-5.99678041345345e-06,-0.00173678125714947
-0.000183021032768275,-0.00179881336429371
-0.000405074589771141,-0.0020670995335418
-0.000606136105483469,-0.00253554144717532
-0.000816807748991415,-0.00314191962679496
-0.00102485847549993,-0.0037362994789862
-0.00121488001376926,-0.00411379190672223
-0.00136300078363527,-0.00407025508753902
-0.00146098729089156,-0.00351416538618582
-0.001495137112552,-0.00244268432175182
-0.00145860230299626,-0.000986999459343535
-0.0013687207675262,0.000423734589567152
-0.00123335221261636,0.0017674834365308
-0.00106529386885944,0.00289759776690226
-0.000880567947230363,0.00372688733264404
-0.000720380641480359,0.00418399988285009
-0.000570548973129247,0.00442960115209401
-0.000438528460462287,0.00451132041446881
-0.000329209218562453,0.00448402496899201
-0.000244746591141138,0.00440153016650358
-0.000184313998307379,0.00429708242111039
-0.000145259499618568,0.00419081492570668
-0.000123404331004984,0.00409044858023056
-0.00011146349363107,0.00395682450182851
-0.000105982167175277,0.00383311368085575
-9.048954902417e-05,0.00372792198437065
-4.99372546778368e-05,0.00365482973692557
6.66538928425443e-05,0.00356089278660578
0.000263386993727436,0.00355982063284079
0.000541159704935894,0.00385933143166962
0.000893963443551493,0.00466160049984402
0.00122670702085,0.00573797758609752
0.00158929181640185,0.00693685272626712
0.00195958598702775,0.00786005541890236
0.00230332566298327,0.00800740392340065
0.00250962915061209,0.00735000721419154
0.00265941136195413,0.00596099854028452
0.0027358426105489,0.00387504213527036
0.00272751274253056,0.00125354982703567
0.00262935846200576,-0.00163790739255585
0.00244650689401004,-0.00447408643748832
0.0021920460901894,-0.00697040409106594
0.00188592800175319,-0.00892414040078117
0.00157573953624612,-0.0101652289258419
0.00126058915482609,-0.0108799858616223
0.000955898224331679,-0.0111591431235021
0.000672935991983913,-0.0111358482139239
0.000418373961736079,-0.0109448118361995
0.000191692679767294,-0.0107589628237761
-1.08644294145414e-05,-0.0106580470478011
-0.000194554336419769,-0.0105317563570267
-0.000355083188715469,-0.0102488772973235
-0.000503850137686237,-0.00982969785527952
-0.000643579953185133,-0.00929802741471388
-0.000777669323470121,-0.00869679922639031
-0.000945562578770686,-0.0079262956627978
-0.00112071189862269,-0.00726727936155552
-0.00131366699322909,-0.00684983919342702
-0.00153524577613823,-0.00679438705471931
-0.00182639682790281,-0.007273853725326
-0.00217915136019568,-0.00839964463527417
-0.00260234876685086,-0.010121289730831
-0.00309749041028047,-0.0122235105364511
-0.00365688256386009,-0.0143164107554083
-0.00425363864292178,-0.0157013074942792
-0.00484018037902574,-0.0156250292044336
-0.00534921374343851,-0.0133995951883366
-0.00554549134434127,-0.011357253777928
-0.00569271439004189,-0.00868355912522415
-0.00578139570769547,-0.00542020529777847
-0.00580355983633363,-0.00165081327357649
-0.00575300401377859,0.00250232350686142
-0.00562595457519503,0.00688062988474373
-0.00542159983923935,0.0113112305648968
-0.00514230992417276,0.0156167348428703
-0.00463714223190059,0.0211019537825413
-0.00401969346063608,0.0256383261814406
-0.00331848528453456,0.02900904227172
-0.00256484742600215,0.0311777652235378
-0.00171228184608743,0.032286349396879
-0.000865007990836631,0.0325457436990627
-4.20826092814497e-05,0.0324111745675982
0.000747942983523071,0.0320288783326451
0.00147770407811823,0.031247330653112
0.00215965575083049,0.0297343543137498
0.00277788688488846,0.0273093932648663
0.00331544760163668,0.0239580756037248
0.00379378890149774,0.0193877627211943
0.00414405847345434,0.0142853797589238
0.00436585549509564,0.00913180532307335
0.00447172122913844,0.00440976599995341
0.00448896972859656,0.00137346037658241
0.00446593191196837,-0.00103972400738633
0.0044169965001242,-0.00276379542628314
0.00435662537510045,-0.00378707635691632
0.00429866640581687,-0.00414495536693332
0.00425480077806571,-0.00390447239637657
0.0042344233636127,-0.00315365783723465
0.00424443322561825,-0.0019958690211349
0.00429246832606346,-0.00046199948559798
0.00438044596353246,0.00125401017092929
0.00450649086914044,0.00299637374643883
0.00466518820253703,0.00459644849954979
0.00489600975235302,0.00612657232005646
0.00513788273644819,0.00677723690272264
0.00535757168341372,0.00622591072755261
0.00551698596946129,0.00425144683479706
0.00557540140423027,0.0011869625957733
0.00552350095629741,-0.00296649560953839
0.00534014465366942,-0.00793446775956416
0.00501488147024162,-0.0133103350038946
0.00450723042939787,-0.0189809228308483
0.00385424853157826,-0.0239453898532774
0.00308626594373465,-0.0277717185256154
0.00224246381766321,-0.0302627125013136
0.0012893248706305,-0.0314304948016045
0.000340352832225888,-0.0316487116210107
-0.000578838738706007,-0.0315044656414905
-0.00145582185229928,-0.0310274936058168
-0.00220736029670963,-0.029945409136856
-0.00289469311338813,-0.0278697089271081
-0.00349415247749522,-0.0246211569075966
-0.00398234125495695,-0.020244631669737
-0.00434890273480977,-0.014797678579692
-0.00456406360997752,-0.00891963649351162
-0.00463084699583406,-0.00316081877678276
-0.00456687715987876,0.00196380334041929
-0.00443086418998687,0.005512469746179
-0.00424307693571379,0.00815474057269125
-0.00402604227449975,0.00985209831822219
-0.00380115615092994,0.0106547886915508
-0.00358748237947637,0.0106819605019285
-0.00339893449786472,0.0100787037974683
-0.00324522758595392,0.00899886270364142
-0.00313193372364893,0.00759376687994059
-0.00305355977354547,0.00576951574676048
-0.00302620914115315,0.00389830536913373
-0.0030414222914586,0.00216618501197309
-0.00308630922416858,0.000753150166836252
-0.00311263648707054,0.000254178627420866
-0.00313987837245344,-0.000122469318432487
-0.00316602487019493,-0.000362451541347694
-0.00318898961063906,-0.000453603517013848
-0.00320663550501198,-0.000386404356716271
-0.00321680342232411,-0.000154928821414188
-0.00321740128803131,0.000242459992946274
-0.00320644986503706,0.000802731067822615
-0.00317174941031044,0.00176637202526521
-0.00311069856918108,0.00296246805796762
-0.00302066675014432,0.00434621907289382
-0.00290011384654266,0.00586097251957141
-0.00266260125605214,0.00822544758732734
-0.00236039996646036,0.0105000988498894
-0.00200290122204433,0.0124816792736628
-0.00160410365060241,0.0140239009739145
-0.00104587646292103,0.0152508867598017
-0.000484080246281871,0.0157060407024384
5.31011406351258e-05,0.0156612457263796
0.000549307539412751,0.0154254010404734
0.00100324837027019,0.0150314963020666
0.00139980448479844,0.0140900903585186
0.00172609981806299,0.0124513903319551
0.00197126713216946,0.0101704127281191
0.00211979036211632,0.00770155321542074
0.00219877196953611,0.00516111249606011
0.00221946147502848,0.00282045259132878
0.00219933329041366,0.000906547416660613
0.00217449597786071,-3.61509802348675e-05
0.00214778100890552,-0.000704734397377183
0.00212515096151522,-0.00109261326919715
0.00211203915156253,-0.00120507200893522
0.00211321029987268,-0.00105698216338067
0.00213242977445195,-0.000667605412814771
0.00217255963103781,-6.04941846116824e-05
0.00223556154625314,0.000737095987469728
0.00232929772310944,0.00176412596463632
0.00245034418811218,0.00292604192323295
0.00259741989213544,0.00416367808569449
0.00276783333251266,0.00540361865686606
0.00306233105836056,0.00709860623284556
0.00337770305479753,0.00820023970056756
0.00368157262808677,0.00832164697358195
0.00393442205293954,0.00714634107560766
0.00409170153033382,0.00452631086354513
0.00411425199105333,0.000615129378679939
0.00397438715298767,-0.00418202343207395
0.00366500297135792,-0.0092473303062047
0.00327053550811553,-0.0132750455967501
0.00278179694593759,-0.0165748774580715
0.00222758184876408,-0.0189307105356543
0.0016395157020307,-0.0203160804929739
0.00102190117260672,-0.0208494244012966
0.000424382567515859,-0.0208739114183748
-0.000140341846428649,-0.0207187912276221
-0.000667616968103469,-0.0203734510285029
-0.00112354822348424,-0.0196637440316899
-0.00153563089065054,-0.0184382518094908
-0.00189577982486735,-0.0166580930845761
-0.00219761168321544,-0.0143986312401327
-0.00244764129668474,-0.0117019125790122
-0.00263254024131717,-0.00893880873626849
-0.00276135460395829,-0.00637994757984151
-0.00284881091951027,-0.00426161170182175
-0.00291910006233319,-0.00267487002445338
-0.00298920991565948,-0.00192467941019409
-0.00308283754599606,-0.00202908223697389
-0.00322025545778881,-0.00292455342007709
-0.00341653276233685,-0.00447727202306721
-0.00367977962740112,-0.00649715632183992
-0.00400960870995399,-0.00870411405753156
-0.00439542865280717,-0.0107233857770621
-0.00482294488322946,-0.0121165021884284
-0.00524863730406683,-0.0122726619027171
-0.0056228636471785,-0.0107131197113528
-0.00588877027488573,-0.00715610367056395
-0.0059871791450971,-0.0017025606614886
-0.00587497842410634,0.00521052376273853
-0.00552555286954795,0.0128341372341556
-0.00494177689126787,0.020253392542199
-0.00424396887540852,0.0259347477035829
-0.00342082104341429,0.0302234271143609
-0.00251683719820573,0.0329452976185051
-0.00157699624642248,0.034228703581836
-0.000652852736966081,0.0344208320025917
0.000246282524135446,0.0341365623622892
0.00110865145301113,0.033675518215755
0.00192648236983976,0.0327594790220029
0.00262566007944515,0.0310558540537123
0.00325646448659549,0.0283640559983597
0.00379941076411813,0.0246509474424885
0.00423758490260425,0.0200527882540544
0.0045790555654132,0.014411417240398
0.0047786347038689,0.00857100423692226
0.00484370556161771,0.00303633975606848
0.00479362574739603,-0.00175287915897067
0.00467972676667531,-0.00502711342048746
0.00452227808404205,-0.00739753716632131
0.00434211189700816,-0.00884887231839429
0.00415866231290859,-0.0094407578189069
0.00398899466670132,-0.00929005802046931
0.00384565017784121,-0.00853398398908678
0.00373737200067801,-0.007319515346647
0.00366909500676424,-0.00579447550755271
0.00364133273516254,-0.00373933163508935
0.00366885398475055,-0.00168757083679859
0.00374059170664216,0.000113460316611419
0.00383946450750129,0.00141885760258705
0.00388592453487978,0.001774714886082
0.00393114796305951,0.00197072677163839
0.00397282616847005,0.00199153770048411
0.00400857033403096,0.00182488497305851
0.00403594182962675,0.00146212747473071
0.00405248653901513,0.000899364379111038
0.00405584310741732,0.000138064583008208
0.00404379796222044,-0.000814567657303859
0.00399569903087162,-0.00248726592738405
0.00390678955074199,-0.0044642869106628
0.00377362540969335,-0.00666396987121113
0.00359466353115436,-0.00898768106331382
0.00325178466181223,-0.012381524746674
0.0028216071767589,-0.0154641664424825
0.00232063758648713,-0.0179701354589982
0.00177092328988303,-0.0197461646246096
0.00107718570896805,-0.0208290208707054
0.000387173882167227,-0.0211317057875293
-0.000274470502938733,-0.0210693640681156
-0.000895365717029481,-0.020782003413848
-0.00144416473956804,-0.0201236488306928
-0.00193530701872308,-0.0187617354921475
-0.00235234769907794,-0.0165577206078144
-0.00268023285438927,-0.0135720920886256
-0.00290403362665122,-0.0101208917062175
-0.00303142234212871,-0.0065037207280255
-0.00307117818432548,-0.00308371844152383
-0.00304103613054783,-0.00017931803733051
-0.00298939310096947,0.00146234915132034
-0.00292408719313399,0.00266212190819237
-0.00285508767633263,0.00340694583243942
-0.00279167470384412,0.00371091405390875
-0.0027421103209908,0.0036099096566728
-0.00271285922118585,0.00314996528254747
-0.00270877583071971,0.00238404913864662
-0.00273309742639586,0.00136951622225972
-0.00279941847258988,-4.74217993038253e-05
-0.00290617223430569,-0.00161314887800152
-0.00304999495899661,-0.00320355074554144
-0.00322438061061325,-0.00467472586660931
-0.00346484191834351,-0.00607647040950071
-0.0037112272258685,-0.00672295285529222
-0.00393223436928524,-0.00632826934637165
-0.00409307117371121,-0.00470830267974576
-0.00415600719508081,-0.00226310943091465
-0.00412460448376637,0.00100316682611247
-0.00398467120791109,0.00483862857505717
-0.00373170361616973,0.00889596869387842
-0.00334457520631281,0.0130032324633578
-0.00285514646402355,0.0164821683520836
-0.00229080446559454,0.019059224984679
-0.00168360220069943,0.0206513370312471
-0.0010228795084295,0.0213368884511718
-0.000379310786729521,0.0214199555156453
0.00023063459822708,0.0212706817207987
0.000800013691901312,0.0208974502385975
0.00128083824552069,0.0201387977531128
0.00171363843274617,0.0188077941727957
0.00208832038526123,0.0168511589398237
0.00239654933709173,0.0143452573614005
0.00264077054896857,0.011361459505114
0.00280956262789755,0.00828399796034773
0.00291181764776757,0.0054101963016526
0.00296300923547943,0.00299961890938985
0.00298194154193271,0.00144513289573389
0.00299234236148704,0.00044862463368692
0.00300790124800597,2.97695144058003e-05
0.00304109348730225,0.000168999708690466
0.0031025829385271,0.000814303056484784
0.00320015677902045,0.00189620410607591
0.00333875621802764,0.00332201648822806
0.00352024466104409,0.00497573225066068
0.00381500670772388,0.00721667469020254
0.00416554987903526,0.00919518441203263
0.00454668355102322,0.0104432808160983
0.00492054641944266,0.0104643956492645
0.00523926978723258,0.00880535497083626
0.00544230952365717,0.00523880075918564
0.00547492547798714,-0.000119859741807976
0.00529789391848736,-0.0067622961439668
0.00495657580237546,-0.0129379977712088
0.00444780149953796,-0.0187758424512116
0.00379407684563957,-0.0237140824551513
0.00303129969880353,-0.0273811531800308
0.00210886186816769,-0.0297672985385884
0.00116243885240317,-0.0307144305641152
0.000232600573522921,-0.0307473353865223
-0.000657807293556468,-0.0303584924867881
-0.00151600868686213,-0.0296059440315844
-0.00230513679303927,-0.0278502492857103
-0.00299711474979293,-0.0247527780716164
-0.0035618167561997,-0.0203275383742552
-0.0039726436996482,-0.0149117692481019
-0.0042212069395877,-0.00914692891327451
-0.00431671945796015,-0.00370029742436646
-0.00428647394170199,0.000850892231628875
-0.00421216568786221,0.00327151756917524
-0.00411174363966647,0.00498176063711599
-0.00400054290478812,0.00597798637433736
-0.00389270602611472,0.00630406016194157
-0.00380059987605522,0.00604068999709048
-0.00373354474755271,0.00528339353724269
-0.00369816604584605,0.00413767791707253
-0.00369835204969333,0.00271411951320873
-0.00375016096918753,0.000713611724623823
-0.00385551534921102,-0.00130912286517399
-0.00400438655413966,-0.00310257001925213
-0.00418044373788054,-0.0044013466264526
-0.00437426143357888,-0.00494548425753783
-0.00453916207835301,-0.00432817739428614
-0.0046376813877333,-0.00239367178735029
-0.00463431686611908,0.000826266379843183
-0.00453358498279541,0.00426591318840808
-0.00433239901038509,0.00815293521123964
-0.00402734107963756,0.0121789861366113
-0.00362359572789231,0.016016321438171
-0.00300633297803906,0.0200463118054466
-0.00229613031025117,0.0229322880641681
-0.0015350029237936,0.0245661901065867
-0.000763457353232735,0.0251243411031965
-4.57837119918074e-05,0.0250613248893647
0.000639272383091496,0.0247475021542164
0.00128277474019056,0.0241960068252569
0.00187605619993942,0.0231121628952012
0.00234712690375208,0.0214132068926713
0.00275398528254502,0.018994842986911
0.00308502800861972,0.0159252093642761
0.00333271603254091,0.0123834557632911
0.00350449763094949,0.00830109406933457
0.00358060960315871,0.00435762144034788
0.00357528000492842,0.00089108185005558
0.00350954064598738,-0.00184597635789479
0.00343549215745417,-0.00333351935204258
0.0033525816494541,-0.00430305834621803
0.00327107346551622,-0.00476840585832036
0.00320010340654914,-0.00476762011986781
0.00314739844294915,-0.00435711597377877
0.00311867286386059,-0.00359941185174355
0.00311788100095358,-0.00256242074639767
0.0031472224653712,-0.001317409107371
0.00323420460222679,0.000545882377101581
0.00337194955079667,0.00244992148469699
0.00355102365429657,0.00417104213466603
0.00375625673670049,0.00546142571115505
0.00399523528397728,0.00608267522624562
0.00420192871377316,0.00546618282491881
0.004333414561014,0.00342249009512225
0.00434940377826418,-3.22637894251306e-06
0.00424919501827646,-0.0037130366109952
0.00403332457368861,-0.00783880893122276
0.00370093124533075,-0.0119932307663171
0.00326245552350468,-0.0157888375984796
0.00264365424343754,-0.0193153924220407
0.00195123538054724,-0.0216339676555978
0.00122813699575011,-0.0227623756871168
0.000511900424497089,-0.0229844525868613
-0.000111707669829735,-0.0228581686510227
-0.000702260522370054,-0.0225474043533827
-0.00125297888679011,-0.0219048547923649
-0.00175521810850874,-0.0207052666852349
-0.00218443092090468,-0.0188289105566322
-0.00254392993502366,-0.0162890630202054
-0.00282501152438239,-0.0132260998908632
-0.0030248305820544,-0.00988172956338398
-0.00315051471851291,-0.00642061455048924
-0.00320433244560937,-0.00331987239234231
-0.00320503705508138,-0.000837538555559243
-0.0031753608226316,0.000866016286799371
-0.00314947341100773,0.0015667301705264
-0.00312875194382517,0.001850247485991
-0.00312034078072472,0.00174037663825725
-0.0031302885450952,0.00127366225974909
-0.00316339785135847,0.000496866933138788
-0.00322297912297558,-0.000538095143046548
-0.00331091981193424,-0.00177126547212124
-0.00342763925986097,-0.00313450653078625
-0.00369259849636362,-0.00556657539090477
-0.00402141599286733,-0.00764758056454
-0.00438027957207429,-0.00881190874507824
-0.00471953147820402,-0.00848805877083357
-0.00493332572988363,-0.00684871176512603
-0.00505993642996138,-0.00389670600659125
-0.00506760024943353,0.000260756248882913
-0.00493321909380226,0.00531489719464363
-0.0046438271593788,0.0107859470569193
-0.00420281248977374,0.0160821617995799
-0.00362766809969504,0.0206857662043415
-0.00294863555368724,0.0242258459128936
-0.00209090231565399,0.0267332678016483
-0.00120417820072013,0.0278066588655076
-0.00033104085028384,0.0279023069562724
0.000502921789955419,0.0275534580384544
0.00128103666991406,0.0269508680338042
0.00199704193871073,0.025519655239959
0.00262799816931253,0.0229399010437601
0.00314866522352146,0.0191936825017725
0.0035251665244904,0.0147183838550706
0.00377067941596293,0.00988102016891177
0.00389121150971085,0.00520052617729875
0.00390665744251309,0.00115291989419704
0.00387089168411489,-0.00111342424136073
0.00381056427038513,-0.00280336894081879
0.00373835500377757,-0.00389226905453534
0.00366633911750427,-0.00439548420810299
0.00360550245057741,-0.00436120070829545
0.00356463718575462,-0.00385525580704965
0.00355046437258988,-0.00295545797936414
0.00356755803084392,-0.00174757416721801
0.00362956139095002,-8.08655628392087e-05
0.00373658512707656,0.00172286777346512
0.00388442952250885,0.00349208317248973
0.0040647148063266,0.00503724709723267
0.00430417589392891,0.00630486477252544
0.00454227654754731,0.00660621764641402
0.00474331332667597,0.0056578927432065
0.00486872988895872,0.0033110881409167
0.00488624749445432,0.00016913900846863
0.00479655000298784,-0.00380796748383772
0.00458596941296561,-0.00831827798770675
0.00425124044474724,-0.0129729755094334
0.00374747746614495,-0.017748671155334
0.00312621103027603,-0.0216864091989586
0.00242051079640496,-0.0244921103010223
0.00166816349177998,-0.0261097011004196
0.000870254831848236,-0.0266569300860008
9.17231492296334e-05,-0.0266034676550472
-0.000651291683087642,-0.0263601196498909
-0.00135103966431333,-0.0258047580961839
-0.00192960126254135,-0.0246937401382211
-0.00245146387924608,-0.0228172047438626
-0.00290143394821435,-0.0201158367262663
-0.00326618896411109,-0.0166809643851128
-0.00354989724183999,-0.012468565292497
-0.00372361097090163,-0.00807441815431358
-0.00379482275336795,-0.00390149059257021
-0.00378067148246864,-0.000305723616193646
-0.00372543306548048,0.00193831683604557
-0.00364598013373607,0.003585216244943
-0.00355580448755055,0.0046149948610249
-0.00346760532996659,0.00505004729489459
-0.00339276295016338,0.00494677181560513
-0.00334013449451331,0.00437773687718681
-0.00331629743753793,0.00342600920657164
-0.00332550583195018,0.00218083695576489
-0.0033808989549993,0.000470008223239572
-0.003483218630721,-0.00135474079831236
-0.00362698233899761,-0.00311408224962868
-0.00380224639001456,-0.00461026006540585
-0.00402313667332876,-0.00573088388465938
-0.0042374647006001,-0.00590559871019449
-0.00441117377133302,-0.00489240375876843
-0.00450861882439193,-0.00258583235063231
-0.00450558535027723,0.000332879301917186
-0.00440572104072252,0.00394395794074245
-0.00419887551054781,0.00797305615547505
-0.00388386386799641,0.0120813659803994
-0.00340181191655727,0.0164006099219311
-0.00281395715732495,0.0199021736003905
-0.00215297490625262,0.0223344011344536
-0.00145510426630435,0.0236751066467884
-0.000728954977331237,0.0240689738370947
-2.61262253800393e-05,0.0239642521022161
0.000639707778465336,0.0237031823145674
0.00126201008735181,0.0231421714217148
0.00176897992293935,0.0220713711120895
0.00222254236753262,0.0203298579500384
0.00261052954100148,0.0178916506177721
0.00292303647383651,0.0148584609319054
0.00316672403271087,0.011190802263251
0.00331752432356267,0.00743381563444073
0.00338460968340749,0.00393293634828209
0.00338496722673111,0.000983547222782519
0.00336068733387051,-0.000510761701678639
0.00332488371975509,-0.00165786623250359
0.00328403601878957,-0.00244563127534413
0.00324433679455375,-0.00287796518946872
0.00321152954893583,-0.00297244584559874
0.00319052515598942,-0.00275543827692491
0.00318539061343528,-0.00225959090015929
0.00319931115767632,-0.00152225443004941
0.00324594643763245,-0.000342612386990983
0.00332709781725802,0.0010576652353804
0.00344274337818044,0.00258392655528975
0.00359057875477963,0.00412891335581946
0.00384231968236902,0.00609367694853149
0.00412613978755499,0.00746265473894587
0.00441099919773743,0.00784427101975102
0.00465790674665336,0.00689963094095127
0.0048271842737762,0.00426545664988065
0.00485482031040059,3.22797733672987e-05
0.00470178168864036,-0.00541017420473144
0.00435110304791708,-0.0113843868645321
0.00389609950458482,-0.0162761363136896
0.0033206242195465,-0.0204235779546077
0.00265490457648318,-0.0235064989127133
0.00193482423755155,-0.0254225738192155
0.00114852321641094,-0.0262514102338417
0.000375240076249678,-0.0263592260290214
-0.000365990699658458,-0.0261870734240176
-0.00106639692385819,-0.0257405689186468
-0.00167140054649014,-0.0248002099730551
-0.0022207615975291,-0.0231053178807677
-0.00269880184241829,-0.0205600497598811
-0.00309120635793836,-0.0172381610382019
-0.00339609299616385,-0.0132102663530007
-0.00359435032525014,-0.00897425505338772
-0.00369303116482411,-0.00493000360057817
-0.00370886983947517,-0.00143593048327888
-0.00368220315737968,0.000594108525887958
-0.00363513275198512,0.00212545823092965
-0.00357830786562503,0.00313499249469611
-0.0035219155409859,0.00363144007624403
-0.00347530901030992,0.00365008656254411
-0.00344614954177377,0.00324160662600814
-0.00344045656528662,0.00246737478213016
-0.0034625388214991,0.00139632682123281
-0.00352567256039795,-0.000109254622077117
-0.00362983403330635,-0.00178516007059826
-0.00377258660115877,-0.00349096185835007
-0.00394811653007775,-0.00506919799015588
-0.00420129547769681,-0.00660982487096218
-0.00446459282407895,-0.00729227768457477
-0.00470346000103482,-0.00678718177497597
-0.00487861531160811,-0.00487419341518624
-0.00494725191050414,-0.00194414456251426
-0.00490625320814109,0.00199299014462308
-0.0047367782827026,0.00664559799383587
-0.0044313440236997,0.0115994396055184
-0.003969495916005,0.0165818498839262
-0.00338294152753889,0.0208418678965028
-0.0027017548149205,0.0240356617606176
-0.00196237816258057,0.0260402703022126
-0.0011479665438112,0.0269194985130446
-0.000345341226405459,0.0270407312008412
0.000425142836569842,0.0268710190093863
0.00115394714601021,0.0264127255695504
0.00177727454021768,0.0254409100809526
0.00234338571877702,0.0236778618777865
0.00283538486643868,0.021017995777639
0.00323764315104345,0.0175323689431827
0.00354725439847497,0.0132839095585382
0.00374310903539101,0.00879685311064354
0.00383174747276326,0.00449320236460853
0.00383012054162489,0.00075359756829018
0.0037824816348921,-0.00156845085258488
0.00370893875539836,-0.00329279415305448
0.00362308514869763,-0.00439397364483496
0.0035378226976927,-0.00489027282684681
0.00346481715185459,-0.00483546113593935
0.0034132483854719,-0.0043011727728059
0.00339001599768452,-0.00337060866671185
0.0033996796556312,-0.0021340546058249
0.00345464712500679,-0.000445427574637214
0.00355578556445946,0.00136795471547448
0.00369818967480434,0.00313135616064744
0.00387263901123543,0.00465212195293829
0.00409685966827165,0.00584090297869483
0.00431735018368512,0.0060968098794188
0.00450017457142229,0.00516536422243744
0.00460929599918757,0.00292274156771623
0.00461719974204359,3.68122112120919e-06
0.00452694357948854,-0.00365776184382235
0.00432701581840724,-0.00778806477159097
0.00401506068024791,-0.0120407616109906
0.00353598921871215,-0.0165168319304083
0.00294633522764512,-0.0201982404113516
0.00227817780585305,-0.0228088562927372
0.00156791225015487,-0.0243008469654066
0.000817343971968833,-0.024794264114785
8.77516645765228e-05,-0.0247318543859639
-0.000605681962684416,-0.0244927207852857
-0.00125580721535543,-0.023956911276209
-0.00178857469823611,-0.0229059179458762
-0.00226718479642687,-0.021155925496966
-0.00267840911753185,-0.0186641745218734
-0.0030110642792691,-0.0155249276176406
-0.00327047791857829,-0.0117054287067627
-0.00343152768139587,-0.00775623537124895
-0.00350263750767474,-0.00404167608865977
-0.00350069705212255,-0.000878610080791377
-0.00346752404972343,0.00090514588957087
-0.003418350284052,0.00224001851252736
-0.00336247247695495,0.0031099849583927
-0.00330870598918795,0.00352481777235119
-0.00326509374037525,0.0035156923647735
-0.0032382265638206,0.00312594042320274
-0.00323329917219193,0.00240741160342032
-0.00325406428110557,0.00141795044612262
-0.00331483130228338,-1.72089401510203e-05
-0.00341561526718232,-0.00163116112702391
-0.00355434613351392,-0.00329575321952188
-0.0037258315135983,-0.00486589707364668
-0.00397710266542858,-0.00647037945264719
-0.00424204330534041,-0.00729182359129535
-0.00448775293176094,-0.00699957848982601
-0.00467626530780688,-0.00535783411641921
-0.00476383662508374,-0.00261649060952131
-0.00474186004334865,0.00117945623620531
-0.00458977091703893,0.00574116318746188
-0.00429902214339773,0.0106428023220993
-0.00386437958953985,0.0154514697853078
-0.00330914865259771,0.0195842180334626
-0.00266210463075442,0.0227056406621839
-0.00195827568382115,0.0246899594578266
-0.00117845382668189,0.0255978537261933
-0.000409962543355677,0.0257504868621466
0.000326779689886614,0.0255973431540085
0.00102232087041249,0.0251723820478433
0.00162229134054468,0.0242737307160096
0.00216659639728501,0.0226287368967692
0.00263954553182391,0.0201355072467471
0.00302677672468056,0.0168654751422411
0.00332429792191855,0.0129246089456103
0.00351697341888763,0.00878049163606293
0.00361203341968831,0.00482751051356708
0.00362626732434245,0.0014187095231337
0.00360020991448784,-0.00053131782737978
0.00355512068432786,-0.00200406835400718
0.00350112567617704,-0.0029775456380746
0.00344790805343562,-0.00345944833936922
0.00340436486018954,-0.00348228386438787
0.00337781080282345,-0.00309306529126676
0.00337402099312753,-0.00234894513761186
0.00339716736172867,-0.00131430797638116
0.00346046250129996,0.000147708295799019
0.00356378602212423,0.00178560060117086
0.00370503392848063,0.00346694944128323
0.00387891991338484,0.00504258487287389
0.00413474952507387,0.00664147509273286
0.00440334509827628,0.00741409566105258
0.00465053666282342,0.00702179687856236
0.00483701064509922,0.00522838429691346
0.00491824679545848,0.00234910321110207
0.00488795766893506,-0.00158572788187298
0.0047257997024338,-0.00628058189502457
0.00442339666489258,-0.011305879245527
0.00397013795861893,-0.0162763803467352
0.00339244406387101,-0.0205401131715938
0.00271993326314057,-0.0237520897575042
0.00198866000762599,-0.0257846564145733
0.00118029077039223,-0.0266989600926162
0.000382935353186469,-0.0268425394341394
-0.000382709567686862,-0.0266810833468408
-0.00110695895370653,-0.0262357801680282
-0.00173068855134547,-0.0252885522894042
-0.00229732706379904,-0.0235554543611289
-0.00279002750620552,-0.0209272670275891
-0.00319317489277883,-0.0174740352162191
-0.00350269926401465,-0.0132829105906276
-0.00369999014928565,-0.00885807400692044
-0.00379171413723574,-0.0046177069183885
-0.00379483257042531,-0.000938626342158199
-0.0037529153627027,0.00130820845945541
-0.0036865545304817,0.00298157937322549
-0.00360862047714804,0.0040565319310362
-0.00353134882448047,0.0045488273381691
-0.00346584015610509,0.0045074687064982
-0.00342091124142358,0.00399878531096687
-0.00340325613796961,0.00310058062076111
-0.00341738256100565,0.00189801312407225
-0.00347615441190435,0.000246943672958005
-0.00357999758513524,-0.00153972480028289
-0.00372459602123746,-0.00329465595411877
-0.00390152175086553,-0.00483237371459331
-0.00413484934501306,-0.00609770221875311
-0.00436716167395947,-0.00643550249836548
-0.0045640048281536,-0.00557255087019018
-0.00468824919453631,-0.0033640935607917
-0.00470847904648611,-0.000400722139177702
-0.00462692060260584,0.00336304909413578
-0.00443059397209684,0.00764438177019316
-0.00411627517870338,0.0120776818046044
-0.00363750234189312,0.0166785907963499
-0.0030449782273331,0.0204900322394112
-0.00237055832935599,0.0232227955306927
-0.00165079559894368,0.0248156954925541
-0.000884224511683709,0.0253775803857719
-0.000136953580388742,0.0253455636193001
0.000574929819012294,0.0251194917620548
0.00124389397638014,0.0245989011753397
0.00179652091787315,0.0235593863406886
0.00229444556720892,0.0218005476678505
0.00272369597756649,0.0192676643395475
0.00307218663588845,0.0160500671547642
0.00334424058109646,0.012123031412163
0.00351423715792362,0.00803959348201449
0.00359010390805393,0.00417740565451211
0.00358867947686667,0.000868333707654855
0.00355180396227235,-0.00106949088037587
0.00349626056659692,-0.00251191724678517
0.00343267483771487,-0.00344041452295727
0.00337111353025955,-0.00386740753046054
0.00332072186545238,-0.00383078974514436
0.00328888301097975,-0.00338230546663497
0.00328131361981415,-0.00258326973347809
0.00330201310969151,-0.00150152720245139
0.00336507520585787,2.67535609911841e-05
0.0034702721753112,0.0017154164473923
0.00361460044590613,0.00342063991536888
0.00379153683316469,0.00498051084625571
0.00403921882360234,0.00644047319409055
0.00429384528228852,0.00704388850116375
0.00452139684159912,0.00648122154059406
0.004683804511403,0.00455535926414347
0.00474129635242178,0.00170890221205839
0.00469390876448726,-0.0020611262482898
0.00452509352575566,-0.00647252819019371
0.00422895169193272,-0.0111354120360771
0.00377919584244878,-0.0158665614614627
0.00321141615519371,-0.0198802262236401
0.00255550292133083,-0.0228577090564461
0.0018470375329379,-0.0246965399842416
0.00107332707570269,-0.025471970399595
0.000314030637493184,-0.025553945790597
-0.000412142872540055,-0.0253770430453014
-0.00109659193067969,-0.0249238656248968
-0.00167624135859847,-0.0239823491131128
-0.00220111156523936,-0.0223108752892132
-0.00265635251243344,-0.0198261860360267
-0.00302863068521312,-0.0166047513767103
-0.00331793383844089,-0.0126912898400937
-0.00350393639451386,-0.00858770429148615
-0.00359399123240672,-0.00468026678796241
-0.00360473456864911,-0.00131347752758899
-0.00357653314802966,0.000628626760214421
-0.00352944175595214,0.00209188223096727
-0.00347365687433012,0.00305484126291755
-0.00341891271409649,0.00352590464365533
-0.00337413506464561,0.00353834108132728
-0.00334663762846538,0.00313976944450096
-0.00334217488384782,0.00238780778182307
-0.00336488144369082,0.0013471484264986
-0.00342807588360179,-0.000122860662107129
-0.00353161829891346,-0.00176638059447807
-0.00367326762204142,-0.00344977681203914
-0.0038475578177052,-0.00502241708689515
-0.00410187674753392,-0.00659976972845973
-0.00436809794302425,-0.00734980642967909
-0.0046121810225659,-0.00693921134466538
-0.00479512615724147,-0.00513809472180201
-0.00487305868214415,-0.00228605114083575
-0.00484140970163069,0.00159427698413624
-0.00468059330056828,0.00621297368113489
-0.00438263196928686,0.0111514146213715
-0.0039335128072815,0.0160701804101714
-0.00336117526233029,0.0202883990987067
-0.00269508388732921,0.0234645725004695
-0.00197106031211478,0.0254729603285014
-0.00117097087743138,0.0263752984405507
-0.000382226172477043,0.0265157996709203
0.000374669236320549,0.026354880263455
0.00109015329260444,0.0259129463359801
0.00170540503021212,0.024975754092705
0.00226403856534655,0.0232651978435791
0.00274960234821862,0.0206757566302058
0.00314692141064416,0.0172782957537035
0.00345230182821795,0.0131597533967856
0.00364763663159161,0.00881709198442683
0.00373976027756098,0.00466111998609245
0.00374557300186482,0.00106125219443006
0.0037078237432658,-0.00110660620541882
0.00364711400856748,-0.00272512676222172
0.00357562733155864,-0.00377013909816526
0.00350495825548903,-0.00425531580176546
0.00344565332046609,-0.00422538694372567
0.00340615471177513,-0.0037417138739144
0.00339292838905875,-0.00287685674617555
0.00341039990066676,-0.00171078694346575
0.00347169504949011,-0.000101077501492774
0.00357693399563384,0.00165409909243419
0.003722341204487,0.0033955480645762
0.00390024613970321,0.00494591582087363
0.00414066562518632,0.00628707087168664
0.00438296391859058,0.00671656134204349
0.00459251198747613,0.00594477506854383
0.00473144961819131,0.00380637262827617
0.00476484848699553,0.000841647451130364
0.00469403399501201,-0.00297682744486005
0.00450458553760674,-0.00736167211639995
0.00419231041193902,-0.0119329372004769
0.00371876350843381,-0.0166262486800384
0.00312892325037856,-0.0205461617474916
0.00245417237534507,-0.023390693141576
0.00173098622672814,-0.0250836869759075
0.000954056674275982,-0.0257215254469385
0.000194634363139442,-0.0257265265453531
-0.000530222182585573,-0.0255164657075633
-0.00121257829401002,-0.0250162461872525
-0.00178087285214108,-0.0240007602569888
-0.00229419492011927,-0.0222530782411696
-0.00273800751962492,-0.0197066524833038
-0.00309949800325073,-0.01644542811356
-0.00338175665254725,-0.0124592087576043
-0.0035595950082429,-0.00829458521174339
-0.00364053459799289,-0.0043383838070032
-0.00364133403085643,-0.000933453158381925
-0.00360376321598205,0.00109226785965164
-0.00354590149984468,0.0026009365246955
-0.00347901506045114,0.00357191087384557
-0.00341379240490195,0.00401824193028621
-0.00335994318341276,0.00398065428351085
-0.00332527113213452,0.0035147717675763
-0.00331578517537707,0.00268641177380407
-0.00333564429276491,0.00156825537581887
-0.00339856713385898,5.75460095562463e-06
-0.00350438682495338,-0.00171035361351717
-0.0036497571832392,-0.00343002796117431
-0.00382765839785929,-0.004984958941344
-0.00407289576458924,-0.00639276780010516
-0.0043227740104812,-0.00691895820409091
-0.00454293764858222,-0.00626225413453338
-0.00469534537581518,-0.00423956128995138
-0.00474224290429831,-0.00133816029680222
-0.00468441568897526,0.00245457379888458
-0.00450631826216517,0.00685304533086957
-0.00420289929108357,0.0114709839173812
-0.0037431274907897,0.0161738783844957
-0.00316649277336025,0.020133291126678
-0.00250355826930297,0.0230397384891641
-0.00179025992894684,0.0248040082712947
-0.00101756133256274,0.0255113411315046
-0.000260823214378004,0.0255563982763203
0.00046211449723407,0.0253647374835953
0.00114303534474417,0.0248921316875959
0.00171506982663302,0.023920984391654
0.00223247855029643,0.0222232220085965
0.00268069198432507,0.0197242716776065
0.00304675460081536,0.0165038371541042
0.00333236709910016,0.0125787825992491
0.0035148057316681,0.00847040897308371
0.00360151133886849,0.0045631371921
0.00360912538687537,0.0011988504161714
0.0035783339835587,-0.000758872186456988
0.00352840605771947,-0.00222883949825524
0.00346978554449873,-0.00318998713964462
0.00341242361445863,-0.00365194353821269
0.00336542043664223,-0.00364980806085528
0.00333619425328913,-0.00323310783870251
0.00333054867502824,-0.00246138065010476
0.0033526138507634,-0.00140116173879446
0.00341588013406194,9.30443868646436e-05
0.00352018017008209,0.00175588300852475
0.00366299536731528,0.00344957640365197
0.00383846737126322,0.00501895564768905
0.00409055264587699,0.00655207479571035
0.00435262402221757,0.00724400689708721
0.00459058032060757,0.00676999461415646
0.00476570041680311,0.00491249937376859
0.00483549104536753,0.00206164163220945
0.00479794058082729,-0.00177394264640549
0.00463473431498033,-0.00630942249097368
0.0043386710743865,-0.01114035406611
0.00388949469941318,-0.0160053133782012
0.00331850361802845,-0.0201660948252607
0.00265526930371944,-0.0232870274004573
0.00193555289910084,-0.025248358615556
0.00134626424088058,-0.0260379856389743
0.000760088472228291,-0.0263001966721531
0.000187978384762141,-0.0262239003687199
-0.000363820668933721,-0.0260092931614175
