0
0.0666666666666667
0.133333333333333
0.2
0.266666666666667
0.333333333333333
0.4
0.466666666666667
0.533333333333333
0.610947773401615
0.688562213469896
0.766176653538177
0.843791093606459
0.910328757702845
0.976866421799232
1.04340408589562
1.10994174999201
1.16805205930329
1.22616236861457
1.28427267792585
1.34238298723713
1.40916074814169
1.47593850904626
1.54271626995082
1.60949403085539
1.67885281102909
1.7482115912028
1.8175703713765
1.88692915155021
1.96523020764956
2.04353126374891
2.12183231984826
2.20013337594761
2.26547334437186
2.33081331279611
2.39615328122036
2.46149324964461
2.53101511264768
2.60053697565075
2.67005883865382
2.73958070165689
2.80286522379778
2.86614974593868
2.92943426807958
2.99271879022047
3.06148188257332
3.13024497492616
3.199008067279
3.26777115963184
3.34307572427072
3.4183802889096
3.49368485354849
3.56898941818737
3.63738752388194
3.70578562957652
3.77418373527109
3.84258184096566
3.91910216283378
3.9956224847019
4.07214280657001
4.14866312843813
4.21799844055396
4.28733375266978
4.35666906478561
4.42600437690143
4.49723911292742
4.5684738489534
4.63970858497939
4.71094332100537
4.77617369826264
4.8414040755199
4.90663445277716
4.97186483003442
5.04028562481637
5.10870641959832
5.17712721438027
5.24554800916222
5.32299083071866
5.4004336522751
5.47787647383154
5.55531929538798
5.61815234290097
5.68098539041396
5.74381843792695
5.80665148543994
5.87913245513154
5.95161342482315
6.02409439451475
6.09657536420636
6.16594753250455
6.23531970080275
6.30469186910095
6.37406403739914
6.44572785870105
6.51739168000296
6.58905550130487
6.66071932260677
6.7297655918969
6.79881186118703
6.86785813047715
6.93690439976728
7.00413835247002
7.07137230517277
7.13860625787551
7.20584021057826
7.28196141073761
7.35808261089695
7.4342038110563
7.51032501121565
7.58145821255827
7.6525914139009
7.72372461524352
7.79485781658615
7.86258554559232
7.9303132745985
7.99804100360467
8.06576873261085
8.13634915669532
8.20692958077978
8.27751000486425
8.34809042894871
8.42173722901711
8.49538402908551
8.56903082915391
8.64267762922231
8.71009642273672
8.77751521625112
8.84493400976553
8.91235280327993
8.97376082115708
9.03516883903423
9.09657685691138
9.15798487478853
9.23076457587186
9.30354427695518
9.3763239780385
9.44910367912183
9.52219125654162
9.59527883396141
9.6683664113812
9.74145398880099
9.82097281600801
9.90049164321503
9.98001047042205
10.0595292976291
10.1297491437642
10.1999689898993
10.2701888360344
10.3404086821695
10.4156147564273
10.490820830685
10.5660269049427
10.6412329792005
10.7066096023455
10.7719862254906
10.8373628486356
10.9027394717807
10.9652913027932
11.0278431338056
11.0903949648181
11.1529467958306
11.2204776311498
11.288008466469
11.3555393017881
11.4230701371073
11.5014717697718
11.5798734024363
11.6582750351008
11.7366766677653
11.8074628379602
11.8782490081551
11.94903517835
12.0198213485449
12.0906075187398
12.1613936889346
12.2321798591295
12.3029660293244
12.3632630930702
12.423560156816
12.4838572205618
12.5441542843075
12.615913311545
12.6876723387824
12.7594313660198
12.8311903932573
12.9060471093772
12.9809038254972
13.0557605416172
13.1306172577371
13.2081228187853
13.2856283798334
13.3631339408815
13.4406395019296
13.5213986161207
13.6021577303117
13.6829168445028
13.7636759586938
13.8384857433141
13.9132955279344
13.9881053125547
14.0629150971749
14.1377248817952
14.2125346664155
14.2873444510358
14.3621542356561
14.4264003135015
14.4906463913469
14.5548924691923
14.6191385470377
14.6885470394468
14.757955531856
14.8273640242651
14.8967725166742
14.9618165000884
15.0268604835025
15.0919044669167
15.1569484503308
15.2315678631254
15.3061872759199
15.3808066887145
15.455426101509
15.5277879582339
15.6001498149588
15.6725116716837
15.7448735284086
15.8265011821256
15.9081288358426
15.9897564895596
16.0713841432765
16.1388879272958
16.206391711315
16.2738954953342
16.3413992793535
16.413749546818
16.4860998142825
16.558450081747
16.6308003492116
16.6979976379457
16.7651949266799
16.8323922154141
16.8995895041483
16.9625027005174
17.0254158968866
17.0883290932557
17.1512422896249
17.2260677184837
17.3008931473425
17.3757185762013
17.45054400506
17.5244600463685
17.598376087677
17.6722921289855
17.746208170294
17.828598933093
17.9109896958919
17.9933804586908
18.0757712214897
18.1453510875687
18.2149309536476
18.2845108197266
18.3540906858055
18.4297357607175
18.5053808356295
18.5810259105416
18.6566709854536
18.7213660111666
18.7860610368796
18.8507560625927
18.9154510883057
18.9779994211321
19.0405477539584
19.1030960867848
19.1656444196112
19.2417487325328
19.3178530454544
19.393957358376
19.4700616712977
19.5483132960304
19.6265649207632
19.7048165454959
19.7830681702287
19.8651125430431
19.9471569158575
20.0292012886719
20.1112456614864
20.1876784591473
20.2641112568083
20.3405440544693
20.4169768521302
20.5001445285781
20.583312205026
20.6664798814738
20.7496475579217
20.8183475793487
20.8870476007757
20.9557476222027
21.0244476436297
21.0995191522476
21.1745906608656
21.2496621694836
21.3247336781016
21.3901651537515
21.4555966294015
21.5210281050515
21.5864595807015
21.6494254769378
21.7123913731741
21.7753572694104
21.8383231656467
21.9119400139166
21.9855568621866
22.0591737104566
22.1327905587265
22.2057522063095
22.2787138538924
22.3516755014754
22.4246371490583
22.513447087833
22.6022570266078
22.6910669653825
22.7798769041573
22.8551993666532
22.9305218291491
23.0058442916451
23.081166754141
23.1534387698236
23.2257107855063
23.2979828011889
23.3702548168716
23.4425268325542
23.5147988482369
23.5870708639195
23.6593428796022
23.7217742189269
23.7842055582516
23.8466368975763
23.9090682369011
23.9831869170824
24.0573055972638
24.1314242774452
24.2055429576266
24.272889785999
24.3402366143713
24.4075834427437
24.4749302711161
24.5493122665707
24.6236942620253
24.6980762574798
24.7724582529344
24.8484469337365
24.9244356145387
25.0004242953408
25.0764129761429
25.1594510350764
25.2424890940099
25.3255271529434
25.4085652118769
25.4761990893738
25.5438329668708
25.6114668443677
25.6791007218646
25.7505707972198
25.8220408725749
25.8935109479301
25.9649810232853
26.031820998753
26.0986609742207
26.1655009496884
26.2323409251561
26.2961127322935
26.3598845394309
26.4236563465683
26.4874281537057
26.532237781946
26.5770474101862
26.6218570384264
26.6666666666667
