0
0.111727194786352
0.223454389572703
0.335181584359055
0.446908779145406
0.535904081997173
0.62489938484894
0.713894687700707
0.802889990552474
0.870829992355892
0.93876999415931
1.00670999596273
1.07464999776615
1.14258999956956
1.21053000137298
1.2784700031764
1.34641000497982
1.4217196723085
1.49702933963718
1.57233900696586
1.64764867429455
1.70812728280232
1.7686058913101
1.82908449981787
1.88956310832565
1.94618640885573
2.00280970938581
2.05943300991588
2.11605631044596
2.18506281097678
2.25406931150761
2.32307581203843
2.39208231256926
2.47097630638099
2.54987030019272
2.62876429400445
2.70765828781618
2.75389871181165
2.80013913580711
2.84637955980257
2.89261998379803
2.93886040779349
2.98510083178895
3.03134125578442
3.07758167977988
3.11845280583391
3.15932393188794
3.20019505794197
3.241066183996
3.29473864152007
3.34841109904413
3.40208355656819
3.45575601409226
3.53595951375601
3.61616301341977
3.69636651308353
3.77657001274729
3.8472123802035
3.91785474765972
3.98849711511594
4.05913948257216
4.10703445440999
4.15492942624782
4.20282439808565
4.25071936992348
4.29861434176131
4.34650931359914
4.39440428543697
4.44229925727479
4.48545868341905
4.5286181095633
4.57177753570756
4.61493696185181
4.66859638548119
4.72225580911057
4.77591523273995
4.82957465636933
4.90762765081673
4.98568064526413
5.06373363971152
5.14178663415892
5.26129004926865
5.38079346437838
5.50029687948811
5.61980029459783
5.76264496970504
5.90548964481224
6.04833431991945
6.19117899502665
6.32142695253783
6.45167491004901
6.5819228675602
6.71217082507138
6.76648760817908
6.82080439128677
6.87512117439447
6.92943795750217
6.98375474060987
7.03807152371757
7.09238830682527
7.14670508993297
7.19535980399652
7.24401451806006
7.29266923212361
7.34132394618716
7.38868938728946
7.43605482839176
7.48342026949405
7.53078571059635
7.58327152218228
7.6357573337682
7.68824314535413
7.74072895694005
7.81664693418892
7.8925649114378
7.96848288868667
8.04440086593555
8.12289785078445
8.20139483563335
8.27989182048224
8.35838880533115
8.40497090345653
8.45155300158192
8.4981350997073
8.54471719783269
8.59129929595807
8.63788139408346
8.68446349220884
8.73104559033423
8.77253987168721
8.81403415304019
8.85552843439317
8.89702271574615
8.94789526134879
8.99876780695143
9.04964035255407
9.10051289815671
9.17722036239971
9.25392782664271
9.33063529088572
9.40734275512872
9.52007472680812
9.63280669848752
9.74553867016692
9.85827064184632
9.95327185831577
10.0482730747852
10.1432742912547
10.2382755077241
10.3030627140162
10.3678499203082
10.4326371266003
10.4974243328923
10.5622115391844
10.6269987454764
10.6917859517685
10.7565731580605
10.809584231274
10.8625953044875
10.915606377701
10.9686174509145
11.0280049981485
11.0873925453825
11.1467800926164
11.2061676398504
11.286605356596
11.3670430733416
11.4474807900872
11.5279185068328
11.6776107660101
11.8273030251874
11.9769952843648
12.1266875435421
12.2240783119257
12.3214690803094
12.4188598486931
12.5162506170767
12.5793224663256
12.6423943155745
12.7054661648234
12.7685380140724
12.8187630739324
12.8689881337924
12.9192131936524
12.9694382535125
13.0196633133725
13.0698883732325
13.1201134330925
13.1703384929525
13.2161115218112
13.2618845506698
13.3076575795284
13.3534306083871
13.4037361438336
13.4540416792801
13.5043472147266
13.5546527501731
13.6253322330574
13.6960117159417
13.7666911988261
13.8373706817104
13.9268851746977
14.0163996676851
14.1059141606725
14.1954286536598
14.2397214614298
14.2840142691997
14.3283070769696
14.3725998847396
14.4168926925095
14.4611855002795
14.5054783080494
14.5497711158194
14.5895366443019
14.6293021727844
14.6690677012669
14.7088332297494
14.7530851933037
14.7973371568579
14.8415891204121
14.8858410839663
14.9418756072647
14.9979101305632
15.0539446538616
15.1099791771601
15.1978391788116
15.2856991804631
15.3735591821147
15.4614191837662
15.5915331815895
15.7216471794127
15.8517611772359
15.9818751750592
16.1155305682194
16.2491859613797
16.3828413545399
16.5164967477001
16.5808510225346
16.6452052973691
16.7095595722036
16.7739138470381
16.8382681218725
16.902622396707
16.9669766715415
17.031330946376
17.0843494736667
17.1373680009574
17.1903865282481
17.2434050555389
17.2966327427683
17.3498604299978
17.4030881172273
17.4563158044568
17.5240649291241
17.5918140537915
17.6595631784588
17.7273123031262
17.8415759163656
17.955839529605
18.0701031428444
18.1843667560838
18.2550838829888
18.3258010098939
18.3965181367989
18.467235263704
18.5172957905398
18.5673563173755
18.6174168442113
18.6674773710471
18.7175378978828
18.7675984247186
18.8176589515544
18.8677194783901
18.9134531150386
18.9591867516871
19.0049203883355
19.050654024984
19.1059642663487
19.1612745077133
19.216584749078
19.2718949904427
19.3544609209261
19.4370268514095
19.519592781893
19.6021587123764
19.7232792924858
19.8443998725952
19.9655204527046
20.086641032814
20.197938126104
20.3092352193941
20.4205323126842
20.5318294059743
20.5861817594066
20.6405341128389
20.6948864662712
20.7492388197035
20.8035911731358
20.8579435265681
20.9122958800004
20.9666482334327
21.0157879931747
21.0649277529166
21.1140675126585
21.1632072724004
21.218686847515
21.2741664226296
21.3296459977442
21.3851255728588
21.4605076906182
21.5358898083775
21.6112719261369
21.6866540438963
21.8103722190128
21.9340903941293
22.0578085692458
22.1815267443624
22.2583412418242
22.3351557392859
22.4119702367477
22.4887847342095
22.5413410996077
22.5938974650059
22.6464538304042
22.6990101958024
22.7515665612007
22.8041229265989
22.8566792919971
22.9092356573954
22.9561019766869
23.0029682959784
23.0498346152699
23.0967009345614
23.1495779077144
23.2024548808674
23.2553318540205
23.3082088271735
23.380639186576
23.4530695459785
23.525499905381
23.5979302647835
23.7144222787307
23.8309142926778
23.947406306625
24.0638983205722
24.172945256508
24.2819921924437
24.3910391283795
24.5000860643152
24.5540083800251
24.607930695735
24.6618530114449
24.7157753271548
24.7696976428647
24.8236199585745
24.8775422742844
24.9314645899943
24.9797615301815
25.0280584703688
25.076355410556
25.1246523507432
25.1809140237078
25.2371756966724
25.293437369637
25.3496990426016
25.4297106471154
25.5097222516293
25.5897338561431
25.669745460657
25.7944974478803
25.9192494351036
26.044001422327
26.1687534095503
26.2510648177334
26.3333762259166
26.4156876340997
26.4979990422828
26.5527892622906
26.6075794822984
26.6623697023062
26.7171599223139
26.7719501423217
26.8267403623295
26.8815305823373
26.9363208023451
26.9842011601074
27.0320815178697
27.079961875632
27.1278422333942
27.1806305461799
27.2334188589656
27.2862071717512
27.3389954845369
27.4100417112577
27.4810879379786
27.5521341646995
27.6231803914204
27.7397881352475
27.8563958790747
27.9730036229018
28.089611366729
28.1919072420885
28.2942031174481
28.3964989928077
28.4987948681672
28.5531557376229
28.6075166070786
28.6618774765343
28.71623834599
28.7705992154457
28.8249600849014
28.879320954357
28.9336818238127
28.9819515508849
29.0302212779571
29.0784910050293
29.1267607321015
29.1846680103725
29.2425752886434
29.3004825669144
29.3583898451854
29.4443758377451
29.5303618303048
29.6163478228645
29.7023338154242
29.8308846430005
29.9594354705767
30.0879862981529
30.2165371257291
30.2931705607798
30.3698039958305
30.4464374308812
30.5230708659319
30.577188980715
30.6313070954982
30.6854252102813
30.7395433250645
30.7936614398476
30.8477795546308
30.9018976694139
30.9560157841971
31.0040530842098
31.0520903842226
31.1001276842354
31.1481649842481
31.2015243716603
31.2548837590725
31.3082431464846
31.3616025338968
31.4336078065755
31.5056130792542
31.577618351933
31.6496236246117
31.7665840347318
31.8835444448519
32.000504854972
32.1174652650921
32.2186524184617
32.3198395718313
32.421026725201
32.5222138785706
32.5774253828614
32.6326368871521
32.6878483914429
32.7430598957337
32.7982714000245
32.8534829043153
32.9086944086061
32.9639059128968
33.0127762288171
33.0616465447374
33.1105168606577
33.159387176578
33.2206017380109
33.2818162994438
33.3430308608767
33.4042454223096
33.500666080159
33.5970867380084
33.6935073958578
33.7899280537072
33.8979453330923
34.0059626124773
34.1139798918623
34.2219971712474
34.2994405684689
34.3768839656904
34.4543273629119
34.5317707601334
34.5861158244627
34.6404608887921
34.6948059531214
34.7491510174508
34.8034960817801
34.8578411461094
34.9121862104388
34.9665312747681
35.0148075455571
35.0630838163461
35.1113600871351
35.159636357924
35.2136399582598
35.2676435585955
35.3216471589312
35.3756507592669
35.4491515743117
35.5226523893565
35.5961532044013
35.6696540194461
35.7874167491276
35.9051794788091
36.0229422084906
36.1407049381722
36.2418064937064
36.3429080492407
36.4440096047749
36.5451111603092
36.6004511316249
36.6557911029406
36.7111310742563
36.7664710455719
36.8218110168876
36.8771509882033
36.932490959519
36.9878309308347
37.0371834841756
37.0865360375165
37.1358885908573
37.1852411441982
37.2487744529585
37.3123077617188
37.3758410704791
37.4393743792395
37.5433411214219
37.6473078636044
37.7512746057869
37.8552413479694
37.9645243573184
38.0738073666674
38.1830903760164
38.2923733853654
38.3662485103309
38.4401236352963
38.5139987602618
38.5878738852272
38.6413232427412
38.6947726002551
38.748221957769
38.8016713152829
38.8551206727968
38.9085700303107
38.9620193878246
39.0154687453385
39.0643422330687
39.1132157207988
39.162089208529
39.2109626962592
39.268818911011
39.3266751257629
39.3845313405147
39.4423875552666
39.5263977584194
39.6104079615722
39.6944181647251
39.7784283678779
39.9032204511792
40.0280125344804
40.1528046177817
40.277596701083
40.3494036905989
40.4212106801149
40.4930176696309
40.5648246591468
40.6172873009683
40.6697499427898
40.7222125846113
40.7746752264328
40.8271378682543
40.8796005100758
40.9320631518973
40.9845257937188
41.0335684765366
41.0826111593543
41.131653842172
41.1806965249898
41.2430597043488
41.3054228837078
41.3677860630668
41.4301492424258
41.5299517252286
41.6297542080315
41.7295566908344
41.8293591736372
41.9372275724354
42.0450959712337
42.1529643700319
42.2608327688301
42.3348581272188
42.4088834856075
42.4829088439962
42.5569342023849
42.6101956277611
42.6634570531372
42.7167184785134
42.7699799038895
42.8232413292656
42.8765027546418
42.9297641800179
42.9830256053941
43.031426968143
43.079828330892
43.1282296936409
43.1766310563899
43.2326517829962
43.2886725096026
43.344693236209
43.4007139628154
43.4796900661414
43.5586661694674
43.6376422727934
43.7166183761195
43.8382096017622
43.9598008274049
44.0813920530477
44.2029832786904
44.2801611478864
44.3573390170824
44.4345168862784
44.5116947554744
44.5648095921589
44.6179244288435
44.6710392655281
44.7241541022127
44.7772689388973
44.8303837755819
44.8834986122665
44.936613448951
44.9845140992756
45.0324147496001
45.0803153999246
45.1282160502492
45.1852826337147
45.2423492171803
45.2994158006458
45.3564823841114
45.4401288343887
45.523775284666
45.6074217349433
45.6910681852206
45.8168761983298
45.9426842114391
46.0684922245483
46.1943002376575
46.2730045703736
46.3517089030896
46.4304132358056
46.5091175685217
46.5633517345473
46.6175859005728
46.6718200665984
46.726054232624
46.7802883986496
46.8345225646752
46.8887567307008
46.9429908967264
46.9910685072545
47.0391461177826
47.0872237283108
47.1353013388389
47.1891382515911
47.2429751643434
47.2968120770956
47.3506489898478
47.4238540429697
47.4970590960915
47.5702641492133
47.6434692023351
47.7623403839679
47.8812115656006
48.0000827472334
48.1189539288661
48.2226807656605
48.326407602455
48.4301344392494
48.5338612760438
48.5889698492674
48.644078422491
48.6991869957146
48.7542955689381
48.8094041421617
48.8645127153853
48.9196212886089
48.9747298618325
49.0235545456735
49.0723792295146
49.1212039133557
49.1700285971967
49.2299975290118
49.2899664608269
49.349935392642
49.409904324457
49.5018289401975
49.5937535559379
49.6856781716784
49.7776027874188
49.8836677361519
49.989732684885
50.095797633618
50.2018625823511
50.2802457389011
50.358628895451
50.4370120520009
50.5153952085508
50.5693898501069
50.6233844916629
50.6773791332189
50.7313737747749
50.7853684163309
50.8393630578869
50.893357699443
50.947352340999
50.9954281733171
51.0435040056352
51.0915798379533
51.1396556702714
51.194023047292
51.2483904243126
51.3027578013332
51.3571251783538
51.431899257004
51.5066733356542
51.5814474143044
51.6562214929546
51.775723123354
51.8952247537534
52.0147263841528
52.1342280145522
52.2380637859037
52.3418995572552
52.4457353286067
52.5495710999582
52.6049621805048
52.6603532610515
52.7157443415981
52.7711354221447
52.8265265026913
52.8819175832379
52.9373086637845
52.9926997443311
53.0418896124198
53.0910794805085
53.1402693485972
53.1894592166859
53.2508421819063
53.3122251471268
53.3736081123472
53.4349910775677
53.5310155758522
53.6270400741367
53.7230645724212
53.8190890707057
53.9255782643049
54.0320674579041
54.1385566515033
54.2450458451025
54.319874374534
54.3947029039655
54.469531433397
54.5443599628285
54.5975723679473
54.650784773066
54.7039971781848
54.7572095833035
54.8104219884222
54.863634393541
54.9168467986597
54.9700592037785
55.0183182974243
55.0665773910701
55.1148364847159
55.1630955783617
55.2192488018154
55.2754020252692
55.3315552487229
55.3877084721767
55.4674070560473
55.547105639918
55.6268042237886
55.7065028076592
55.8289983705275
55.9514939333957
56.0739894962639
56.1964850591322
56.2736732949781
56.350861530824
56.42804976667
56.5052380025159
56.5583305123587
56.6114230222015
56.6645155320443
56.7176080418871
56.7707005517299
56.8237930615727
56.8768855714155
56.9299780812583
56.9777281207973
57.0254781603363
57.0732281998752
57.1209782394142
57.1765809934674
57.2321837475207
57.2877865015739
57.3433892556271
57.4224799048883
57.5015705541495
57.5806612034106
57.6597518526718
57.7820890054752
57.9044261582786
58.026763311082
58.1491004638854
58.2338063175115
58.3185121711376
58.4032180247637
58.4879238783898
58.5425723633718
58.5972208483538
58.6518693333358
58.7065178183177
58.7611663032997
58.8158147882817
58.8704632732637
58.9251117582457
58.9730754084072
59.0210390585687
59.0690027087302
59.1169663588917
59.1703523367094
59.2237383145271
59.2771242923449
59.3305102701626
59.4027973592885
59.4750844484145
59.5473715375405
59.6196586266664
59.7386115955451
59.8575645644237
59.9765175333023
60.095470502181
60.202730597037
60.309990691893
60.4172507867491
60.5245108816051
60.5790022442474
60.6334936068897
60.6879849695321
60.7424763321744
60.7969676948167
60.8514590574591
60.9059504201014
60.9604417827437
61.0088956063231
61.0573494299024
61.1058032534817
61.154257077061
61.2120875857332
61.2699180944054
61.3277486030777
61.3855791117499
61.4709031302114
61.5562271486729
61.6415511671345
61.726875185596
61.8545901747335
61.982305163871
62.1100201530084
62.2377351421459
62.3129894347378
62.3882437273298
62.4634980199217
62.5387523125136
62.5919594787622
62.6451666450108
62.6983738112594
62.751580977508
62.8047881437566
62.8579953100052
62.9112024762538
62.9644096425024
63.0125855854119
63.0607615283213
63.1089374712308
63.1571134141402
63.2132059177249
63.2692984213096
63.3253909248943
63.3814834284789
63.4611913733614
63.5408993182438
63.6206072631262
63.7003152080087
63.822834931563
63.9453546551174
64.0678743786717
64.1903941022261
64.2680448396566
64.3456955770871
64.4233463145177
64.5009970519482
64.5541994197844
64.6074017876206
64.6606041554568
64.713806523293
64.7670088911293
64.8202112589655
64.8734136268017
64.9266159946379
64.9743374817318
65.0220589688257
65.0697804559197
65.1175019430136
65.1726119437319
65.2277219444502
65.2828319451685
65.3379419458867
65.4155230639316
65.4931041819765
65.5706853000214
65.6482664180663
65.7697125121537
65.8911586062412
66.0126047003286
66.134050794416
66.2414955821986
66.3489403699812
66.4563851577638
66.5638299455464
66.619308924628
66.6747879037095
66.7302668827911
66.7857458618726
66.8412248409541
66.8967038200357
66.9521827991172
67.0076617781988
67.0569091704266
67.1061565626545
67.1554039548824
67.2046513471103
67.2644595971497
67.324267847189
67.3840760972284
67.4438843472678
67.5342173585758
67.6245503698837
67.7148833811916
67.8052163924995
67.9093076189682
68.0133988454369
68.1174900719056
68.2215812983743
68.297702727212
68.3738241560497
68.4499455848873
68.526067013725
68.5792126461681
68.6323582786112
68.6855039110543
68.7386495434974
68.7917951759405
68.8449408083836
68.8980864408267
68.9512320732698
68.9993169466732
69.0474018200767
69.0954866934801
69.1435715668836
69.2003688119672
69.2571660570508
69.3139633021344
69.370760547218
69.4529833943051
69.5352062413922
69.6174290884793
69.6996519355664
69.8244656882784
69.9492794409905
70.0740931937026
70.1989069464146
70.2763489933648
70.353791040315
70.4312330872652
70.5086751342153
70.5622131321581
70.6157511301009
70.6692891280437
70.7228271259865
70.7763651239293
70.8299031218721
70.8834411198149
70.9369791177577
70.9848466629424
71.0327142081271
71.0805817533119
71.1284492984966
71.1828725730272
71.2372958475579
71.2917191220886
71.3461423966193
71.4213229655754
71.4965035345316
71.5716841034877
71.6468646724439
71.766784663349
71.886704654254
72.0066246451591
72.1265446360642
72.2317077370289
72.3368708379936
72.4420339389584
72.5471970399231
72.6025049990883
72.6578129582535
72.7131209174188
72.768428876584
72.8237368357492
72.8790447949144
72.9343527540796
72.9896607132448
73.0387076718681
73.0877546304914
73.1368015891147
73.185848547738
73.2458913499076
73.3059341520771
73.3659769542467
73.4260197564163
73.5176177969266
73.6092158374369
73.7008138779473
73.7924119184576
73.8975991232609
74.0027863280643
74.1079735328676
74.2131607376709
74.2897380493792
74.3663153610876
74.4428926727959
74.5194699845042
74.5728387096524
74.6262074348006
74.6795761599488
74.7329448850971
74.7863136102453
74.8396823353935
74.8930510605417
74.9464197856899
74.9943843348107
75.0423488839316
75.0903134330524
75.1382779821732
75.193374302669
75.2484706231647
75.3035669436604
75.3586632641561
75.4357021862428
75.5127411083294
75.5897800304161
75.6668189525027
75.7876929130424
75.908566873582
76.0294408341217
76.1503147946613
76.2326796263356
76.3150444580098
76.3974092896841
76.4797741213583
76.5335911065966
76.5874080918348
76.6412250770731
76.6950420623114
76.7488590475496
76.8026760327879
76.8564930180261
76.9103100032644
76.957919221793
77.0055284403216
77.0531376588503
77.1007468773789
77.1544961140453
77.2082453507118
77.2619945873783
77.3157438240447
77.3895100955098
77.4632763669749
77.53704263844
77.6108089099051
77.7305116394593
77.8502143690134
77.9699170985676
78.0896198281217
78.2018130686557
78.3140063091896
78.4261995497236
78.5383927902575
78.5927622477784
78.6471317052992
78.7015011628201
78.755870620341
78.8102400778618
78.8646095353827
78.9189789929036
78.9733484504245
79.0219005179278
79.0704525854312
79.1190046529346
79.167556720438
79.2247710537588
79.2819853870795
79.3391997204003
79.3964140537211
79.4793894728561
79.5623648919911
79.6453403111261
79.7283157302611
79.7962367976959
79.8641578651306
79.9320789325653
80
