0
0.133997177325448
0.267994354650895
0.401991531976343
0.535988709301791
0.603802285920732
0.671615862539673
0.739429439158615
0.807243015777556
0.875056592396497
0.942870169015439
1.01068374563438
1.07849732225332
1.14867037444327
1.21884342663323
1.28901647882318
1.35918953101313
1.41939744562724
1.47960536024135
1.53981327485546
1.60002118946958
1.65945172680893
1.71888226414828
1.77831280148764
1.83774333882699
1.90466294105563
1.97158254328428
2.03850214551292
2.10542174774156
2.17345047249534
2.24147919724913
2.30950792200291
2.37753664675669
2.43419101673368
2.49084538671066
2.54749975668765
2.60415412666463
2.65278643247753
2.70141873829042
2.75005104410331
2.79868334991621
2.84278021762254
2.88687708532887
2.93097395303521
2.97507082074154
3.0306322682407
3.08619371573987
3.14175516323903
3.1973166107382
3.23171447913207
3.26611234752595
3.30051021591982
3.33490808431369
3.36930595270757
3.40370382110144
3.43810168949531
3.47249955788919
3.50306303705722
3.53362651622525
3.56418999539328
3.59475347456131
3.62710994488491
3.6594664152085
3.6918228855321
3.7241793558557
3.76767382093216
3.81116828600861
3.85466275108507
3.89815721616153
3.95308709923734
4.00801698231315
4.06294686538896
4.11787674846477
4.14777185644419
4.17766696442361
4.20756207240302
4.23745718038244
4.26735228836185
4.29724739634127
4.32714250432068
4.3570376123001
4.38408047552057
4.41112333874105
4.43816620196152
4.465209065182
4.49564645188426
4.52608383858653
4.55652122528879
4.58695861199106
4.62558452217316
4.66421043235527
4.70283634253738
4.74146225271948
4.80204619367637
4.86263013463326
4.92321407559015
4.98379801654704
5.04627710645833
5.10875619636962
5.1712352862809
5.23371437619219
5.28179108620574
5.3298677962193
5.37794450623285
5.42602121624641
5.46409788836905
5.50217456049169
5.54025123261433
5.57832790473697
5.61640457685961
5.65448124898225
5.69255792110489
5.73063459322753
5.77431201585966
5.81798943849179
5.86166686112392
5.90534428375605
5.96787599439787
6.03040770503969
6.09293941568151
6.15547112632333
6.2495120340502
6.34355294177707
6.43759384950395
6.53163475723082
6.6260230334289
6.72041130962697
6.81479958582505
6.90918786202312
7.00357613822119
7.09796441441927
7.19235269061734
7.28674096681542
7.33999029396982
7.39323962112422
7.44648894827862
7.49973827543303
7.55298760258743
7.60623692974183
7.65948625689623
7.71273558405063
7.75968011245434
7.80662464085805
7.85356916926176
7.90051369766547
7.94855840965633
7.99660312164719
8.04464783363805
8.0926925456289
8.16353861854009
8.23438469145127
8.30523076436245
8.37607683727363
8.42217958698014
8.46828233668665
8.51438508639316
8.56048783609967
8.597175256241
8.63386267638233
8.67055009652367
8.707237516665
8.74392493680633
8.78061235694766
8.81729977708899
8.85398719723032
8.8894632506816
8.92493930413288
8.96041535758416
8.99589141103544
9.04467785185994
9.09346429268444
9.14225073350894
9.19103717433344
9.25512711850122
9.319217062669
9.38330700683678
9.44739695100456
9.48348489719504
9.51957284338552
9.555660789576
9.59174873576648
9.62783668195696
9.66392462814744
9.70001257433792
9.7361005205284
9.76695517310352
9.79780982567863
9.82866447825374
9.85951913082886
9.89360624794337
9.92769336505789
9.96178048217241
9.99586759928692
10.0393099039441
10.0827522086012
10.1261945132584
10.1696368179155
10.2403598398328
10.31108286175
10.3818058836672
10.4525289055844
10.5329672358513
10.6134055661181
10.693843896385
10.7742822266518
10.8230057299054
10.8717292331591
10.9204527364127
10.9691762396664
11.01789974292
11.0666232461737
11.1153467494273
11.164070252681
11.2038483545127
11.2436264563445
11.2834045581763
11.3231826600081
11.3680654797649
11.4129482995217
11.4578311192785
11.5027139390353
11.562699692195
11.6226854453548
11.6826711985145
11.7426569516743
11.8469516160336
11.951246280393
12.0555409447523
12.1598356091117
12.216754846698
12.2736740842843
12.3305933218705
12.3875125594568
12.4444317970431
12.5013510346294
12.5582702722157
12.615189509802
12.6596836350663
12.7041777603306
12.7486718855949
12.7931660108593
12.8376601361236
12.8821542613879
12.9266483866522
12.9711425119165
13.0119801901908
13.0528178684651
13.0936555467394
13.1344932250136
13.1821176004352
13.2297419758569
13.2773663512785
13.3249907267001
13.3963209757321
13.4676512247642
13.5389814737962
13.6103117228283
13.6579029186578
13.7054941144873
13.7530853103168
13.8006765061462
13.8376472177394
13.8746179293326
13.9115886409258
13.948559352519
13.9855300641122
14.0225007757054
14.0594714872986
14.0964421988918
14.1320914604516
14.1677407220114
14.2033899835712
14.239039245131
14.2872624990226
14.3354857529142
14.3837090068057
14.4319322606973
14.5008854736209
14.5698386865445
14.6387918994681
14.7077451123918
14.7579908478025
14.8082365832132
14.8584823186239
14.9087280540347
14.9460956205261
14.9834631870176
15.0208307535091
15.0581983200006
15.0955658864921
15.1329334529836
15.1703010194751
15.2076685859666
15.2437133204697
15.2797580549728
15.3158027894759
15.351847523979
15.3974830541769
15.4431185843748
15.4887541145727
15.5343896447707
15.6060585453637
15.6777274459568
15.7493963465499
15.821065247143
15.9158103443144
16.0105554414857
16.105300538657
16.2000456358284
16.263534139078
16.3270226423276
16.3905111455773
16.4539996488269
16.5002729810088
16.5465463131907
16.5928196453725
16.6390929775544
16.6853663097363
16.7316396419181
16.7779129741
16.8241863062818
16.8684642215801
16.9127421368783
16.9570200521765
17.0012979674747
17.058244978559
17.1151919896434
17.1721390007278
17.2290860118121
17.32277269605
17.4164593802879
17.5101460645258
17.6038327487637
17.660128982371
17.7164252159783
17.7727214495855
17.8290176831928
17.8702064671607
17.9113952511286
17.9525840350965
17.9937728190644
18.0349616030324
18.0761503870003
18.1173391709682
18.1585279549361
18.1966853979451
18.2348428409541
18.2730002839631
18.3111577269721
18.3570848625603
18.4030119981485
18.4489391337366
18.4948662693248
18.5690211894202
18.6431761095155
18.7173310296109
18.7914859497063
18.845721432589
18.8999569154718
18.9541923983546
19.0084278812373
19.0466360299256
19.0848441786138
19.123052327302
19.1612604759902
19.1994686246784
19.2376767733666
19.2758849220548
19.314093070743
19.3492958113057
19.3844985518685
19.4197012924312
19.4549040329939
19.4972465173702
19.5395890017464
19.5819314861227
19.6242739704989
19.6875069890438
19.7507400075887
19.8139730261336
19.8772060446785
19.9569470415086
20.0366880383388
20.1164290351689
20.1961700319991
20.2358526596205
20.2755352872418
20.3152179148632
20.3549005424846
20.3945831701059
20.4342657977273
20.4739484253487
20.5136310529701
20.5485824862675
20.583533919565
20.6184853528624
20.6534367861599
20.6922344987989
20.731032211438
20.769829924077
20.808627636716
20.8574617726763
20.9062959086365
20.9551300445968
21.0039641805571
21.0797309548787
21.1554977292002
21.2312645035218
21.3070312778434
21.4068618457286
21.5066924136138
21.606522981499
21.7063535493842
21.744071645216
21.7817897410477
21.8195078368794
21.8572259327112
21.8949440285429
21.9326621243746
21.9703802202063
22.0080983160381
22.0444008517055
22.0807033873729
22.1170059230403
22.1533084587077
22.1934126291666
22.2335167996255
22.2736209700844
22.3137251405432
22.3636070342967
22.4134889280501
22.4633708218035
22.513252715557
22.592861724558
22.6724707335591
22.7520797425602
22.8316887515613
22.8903072808415
22.9489258101216
23.0075443394018
23.0661628686819
23.1064083898034
23.1466539109248
23.1868994320463
23.2271449531678
23.2673904742892
23.3076359954107
23.3478815165321
23.3881270376536
23.4247933828113
23.461459727969
23.4981260731268
23.5347924182845
23.5785232858268
23.6222541533691
23.6659850209113
23.7097158884536
23.7754961247083
23.841276360963
23.9070565972176
23.9728368334723
24.0485544773932
24.1242721213141
24.199989765235
24.2757074091559
24.3131906222401
24.3506738353242
24.3881570484084
24.4256402614925
24.4631234745767
24.5006066876608
24.538089900745
24.5755731138291
24.6103810921606
24.6451890704921
24.6799970488236
24.7148050271551
24.7543699533675
24.7939348795798
24.8334998057922
24.8730647320046
24.9254067634756
24.9777487949465
25.0300908264175
25.0824328578885
25.1654435717429
25.2484542855972
25.3314649994516
25.4144757133059
25.4938369627446
25.5731982121834
25.6525594616221
25.7319207110608
25.7767517606782
25.8215828102956
25.8664138599129
25.9112449095303
25.9560759591477
26.0009070087651
26.0457380583825
26.0905691079999
26.1310168533627
26.1714645987254
26.2119123440882
26.252360089451
26.3035460535731
26.3547320176951
26.4059179818172
26.4571039459393
26.5403250665285
26.6235461871178
26.706767307707
26.7899884282963
26.8723484518254
26.9547084753546
27.0370684988837
27.1194285224129
27.1643812941251
27.2093340658374
27.2542868375497
27.299239609262
27.3441923809742
27.3891451526865
27.4340979243988
27.479050696111
27.5191525229133
27.5592543497155
27.5993561765177
27.6394580033199
27.6916179598737
27.7437779164276
27.7959378729814
27.8480978295352
27.9289746722626
28.00985151499
28.0907283577174
28.1716052004448
28.2264331200428
28.2812610396407
28.3360889592387
28.3909168788366
28.4309343520515
28.4709518252664
28.5109692984813
28.5509867716963
28.5910042449112
28.6310217181261
28.671039191341
28.7110566645559
28.748532441455
28.7860082183542
28.8234839952534
28.8609597721525
28.9075662878975
28.9541728036425
29.0007793193876
29.0473858351326
29.1210423299607
29.1946988247888
29.2683553196169
29.3420118144449
29.4199036293496
29.4977954442543
29.575687259159
29.6535790740637
29.6945435274993
29.7355079809349
29.7764724343705
29.817436887806
29.8584013412416
29.8993657946772
29.9403302481128
29.9812947015484
30.0184806734638
30.0556666453791
30.0928526172945
30.1300385892098
30.1732770031723
30.2165154171348
30.2597538310973
30.3029922450598
30.3634325993042
30.4238729535486
30.4843133077931
30.5447536620375
30.6326053125086
30.7204569629797
30.8083086134509
30.896160263922
30.9530532238275
31.0099461837329
31.0668391436384
31.1237321035439
31.1661822182479
31.2086323329519
31.2510824476559
31.2935325623599
31.3359826770639
31.3784327917679
31.4208829064719
31.4633330211759
31.5037519613868
31.5441709015977
31.5845898418086
31.6250087820195
31.6777171364042
31.7304254907889
31.7831338451736
31.8358421995583
31.9199813554865
32.0041205114147
32.0882596673429
32.1723988232712
32.2295614473153
32.2867240713594
32.3438866954036
32.4010493194477
32.4418847830669
32.4827202466862
32.5235557103054
32.5643911739246
32.6052266375439
32.6460621011631
32.6868975647823
32.7277330284016
32.765514768583
32.8032965087645
32.841078248946
32.8788599891274
32.924967720771
32.9710754524146
33.0171831840581
33.0632909157016
33.1342189758714
33.2051470360412
33.276075096211
33.3470031563808
33.4250265907681
33.5030500251554
33.5810734595427
33.65909689393
33.6984685007057
33.7378401074815
33.7772117142572
33.816583321033
33.8559549278087
33.8953265345845
33.9346981413602
33.974069748136
34.0103575558707
34.0466453636054
34.0829331713401
34.1192209790748
34.1609929355191
34.2027648919634
34.2445368484077
34.286308804852
34.3436229712594
34.4009371376669
34.4582513040744
34.5155654704818
34.6000631949858
34.6845609194897
34.7690586439936
34.8535563684975
34.9102076757217
34.9668589829458
35.0235102901699
35.0801615973941
35.1217660661606
35.1633705349272
35.2049750036937
35.2465794724602
35.2881839412268
35.3297884099933
35.3713928787599
35.4129973475264
35.4522530608246
35.4915087741228
35.530764487421
35.5700202007192
35.6195530461888
35.6690858916585
35.7186187371282
35.7681515825979
35.8482321482871
35.9283127139762
36.0083932796654
36.0884738453545
36.1680856084639
36.2476973715733
36.3273091346826
36.406920897792
36.450810023273
36.4946991487539
36.5385882742349
36.5824773997159
36.6263665251968
36.6702556506778
36.7141447761588
36.7580339016397
36.7971942754803
36.8363546493209
36.8755150231615
36.9146753970021
36.9637212949
37.012767192798
37.0618130906959
37.1108589885939
37.1915104859169
37.27216198324
37.352813480563
37.433464977886
37.5111954774707
37.5889259770554
37.6666564766401
37.7443869762248
37.7881619829037
37.8319369895826
37.8757119962614
37.9194870029403
37.9632620096192
38.0070370162981
38.0508120229769
38.0945870296558
38.1339970715563
38.1734071134568
38.2128171553573
38.2522271972579
38.3037666887387
38.3553061802195
38.4068456717004
38.4583851631812
38.5406681070784
38.6229510509755
38.7052339948727
38.7875169387698
38.8472773517374
38.907037764705
38.9667981776726
39.0265585906402
39.067721784689
39.1088849787379
39.1500481727868
39.1912113668357
39.2323745608845
39.2735377549334
39.3147009489823
39.3558641430311
39.3935626490626
39.4312611550941
39.4689596611256
39.5066581671571
39.5515781534482
39.5964981397393
39.6414181260304
39.6863381123215
39.7518102960588
39.8172824797961
39.8827546635334
39.9482268472706
40.0345820352128
40.1209372231549
40.2072924110971
40.2936475990392
40.3315322394545
40.3694168798698
40.4073015202851
40.4451861607004
40.4830708011157
40.520955441531
40.5588400819463
40.5967247223616
40.6314378475629
40.6661509727641
40.7008640979654
40.7355772231666
40.7738337884719
40.8120903537772
40.8503469190825
40.8886034843878
40.9361110506978
40.9836186170078
41.0311261833178
41.0786337496278
41.1518810772313
41.2251284048347
41.2983757324382
41.3716230600417
41.4512667331539
41.5309104062662
41.6105540793784
41.6901977524907
41.7300036258749
41.7698094992591
41.8096153726433
41.8494212460275
41.8892271194118
41.929032992796
41.9688388661802
42.0086447395644
42.0454171564384
42.0821895733123
42.1189619901863
42.1557344070602
42.1982616776641
42.2407889482679
42.2833162188717
42.3258434894756
42.3849941275857
42.4441447656959
42.503295403806
42.5624460419162
42.6461745619748
42.7299030820335
42.8136316020922
42.8973601221508
42.9470828413159
42.9968055604809
43.046528279646
43.096250998811
43.1351766253759
43.1741022519407
43.2130278785056
43.2519535050704
43.2908791316352
43.3298047582001
43.3687303847649
43.4076560113298
43.4464067654787
43.4851575196277
43.5239082737767
43.5626590279257
43.6120339091
43.6614087902743
43.7107836714485
43.7601585526228
43.8416122293519
43.9230659060809
44.00451958281
44.085973259539
44.1644720672942
44.2429708750494
44.3214696828045
44.3999684905597
44.4439865895837
44.4880046886078
44.5320227876318
44.5760408866558
44.6200589856799
44.6640770847039
44.708095183728
44.752113282752
44.7915419372512
44.8309705917504
44.8703992462496
44.9098279007488
44.9600724655324
45.0103170303159
45.0605615950995
45.1108061598831
45.1953350320057
45.2798639041283
45.364392776251
45.4489216483736
45.5112562052206
45.5735907620676
45.6359253189146
45.6982598757616
45.73979385479
45.7813278338184
45.8228618128468
45.8643957918752
45.9059297709036
45.947463749932
45.9889977289604
46.0305317079888
46.0681908870122
46.1058500660356
46.143509245059
46.1811684240823
46.2254943791692
46.2698203342561
46.3141462893429
46.3584722444298
46.4224075114536
46.4863427784774
46.5502780455013
46.6142133125251
46.6987731082858
46.7833329040464
46.8678926998071
46.9524524955677
46.9903110637972
47.0281696320267
47.0660282002562
47.1038867684857
47.1417453367151
47.1796039049446
47.2174624731741
47.2553210414036
47.2897764801007
47.3242319187979
47.358687357495
47.3931427961922
47.4310896070607
47.4690364179293
47.5069832287978
47.5449300396664
47.5921383222147
47.639346604763
47.6865548873112
47.7337631698595
47.8068743707927
47.8799855717259
47.9530967726591
48.0262079735922
48.1059737523751
48.1857395311579
48.2655053099408
48.3452710887236
48.3850401402273
48.424809191731
48.4645782432346
48.5043472947383
48.5441163462419
48.5838853977456
48.6236544492492
48.6634235007529
48.7001658127567
48.7369081247605
48.7736504367643
48.810392748768
48.852768880385
48.8951450120019
48.9375211436189
48.9798972752358
49.038365092042
49.0968329088483
49.1553007256545
49.2137685424607
49.2984218871893
49.3830752319179
49.4677285766464
49.552381921375
49.6081597646891
49.6639376080033
49.7197154513175
49.7754932946317
49.8172288927483
49.8589644908648
49.9007000889814
49.9424356870979
49.9841712852145
50.025906883331
50.0676424814476
50.1093780795641
50.1493068430155
50.1892356064669
50.2291643699183
50.2690931333697
50.3216556732372
50.3742182131048
50.4267807529723
50.4793432928399
50.5626544361507
50.6459655794615
50.7292767227722
50.812587866083
50.8712002025068
50.9298125389305
50.9884248753543
51.047037211778
51.0881588272611
51.1292804427441
51.1704020582271
51.2115236737102
51.2526452891932
51.2937669046762
51.3348885201593
51.3760101356423
51.4138645248198
51.4517189139973
51.4895733031748
51.5274276923524
51.5730233981566
51.6186191039609
51.6642148097651
51.7098105155694
51.7777835900823
51.8457566645952
51.9137297391082
51.9817028136211
52.0650567320508
52.1484106504804
52.2317645689101
52.3151184873398
52.3511032657801
52.3870880442203
52.4230728226606
52.4590576011009
52.4950423795411
52.5310271579814
52.5670119364217
52.6029967148619
52.6375291863921
52.6720616579223
52.7065941294525
52.7411266009827
52.7798529385111
52.8185792760395
52.8573056135679
52.8960319510964
52.94502322682
52.9940145025436
53.0430057782672
53.0919970539908
53.1523311238264
53.2126651936621
53.2729992634977
53.3333333333333
