0
0.25
0.5
0.75
1
1.1994897897971
1.3989795795942
1.59846936939129
1.79795915918839
1.90947097453524
2.02098278988209
2.13249460522894
2.24400642057579
2.35551823592264
2.46703005126949
2.57854186661634
2.69005368196319
2.80196724341856
2.91388080487394
3.02579436632931
3.13770792778468
3.22854780430069
3.31938768081669
3.4102275573327
3.5010674338487
3.59082218226547
3.68057693068224
3.770331679099
3.86008642751577
3.98817886776342
4.11627130801107
4.24436374825871
4.37245618850636
4.47536228717429
4.57826838584221
4.68117448451014
4.78408058317807
4.88187200919838
4.9796634352187
5.07745486123902
5.17524628725934
5.26821163908015
5.36117699090095
5.45414234272176
5.54710769454257
5.63079855756543
5.71448942058828
5.79818028361113
5.88187114663398
6.00068339103943
6.11949563544488
6.23830787985033
6.35712012425578
6.48271883790628
6.60831755155677
6.73391626520726
6.85951497885775
6.98391370335119
7.10831242784462
7.23271115233806
7.35710987683149
7.48747040741964
7.6178309380078
7.74819146859595
7.8785519991841
8.00564861553812
8.13274523189215
8.25984184824617
8.3869384646002
8.54679874726797
8.70665902993575
8.86651931260352
9.0263795952713
9.18267728527033
9.33897497526936
9.49527266526838
9.65157035526741
9.76740862863188
9.88324690199634
9.99908517536081
10.1149234487253
10.2017544110711
10.2885853734169
10.3754163357627
10.4622472981086
10.5490782604544
10.6359092228002
10.722740185146
10.8095711474918
10.8935652496102
10.9775593517286
11.061553453847
11.1455475559654
11.2485492210695
11.3515508861736
11.4545525512777
11.5575542163819
11.7007624385028
11.8439706606238
11.9871788827447
12.1303871048657
12.3280281078287
12.5256691107917
12.7233101137547
12.9209511167177
13.0071243511706
13.0932975856236
13.1794708200766
13.2656440545296
13.3518172889825
13.4379905234355
13.5241637578885
13.6103369923415
13.7039521496729
13.7975673070044
13.8911824643359
13.9847976216673
14.0625687869354
14.1403399522034
14.2181111174715
14.2958822827395
14.3699632310992
14.4440441794588
14.5181251278185
14.5922060761781
14.7051155969512
14.8180251177243
14.9309346384974
15.0438441592705
15.1568584259195
15.2698726925685
15.3828869592175
15.4959012258665
15.5919973641157
15.6880935023648
15.784189640614
15.8802857788632
15.9754544114211
16.0706230439791
16.1657916765371
16.2609603090951
16.3442288104162
16.4274973117373
16.5107658130584
16.5940343143794
16.6840136190334
16.7739929236873
16.8639722283412
16.9539515329952
17.1064075378472
17.2588635426992
17.4113195475513
17.5637755524033
17.7787154043889
17.9936552563746
18.2085951083602
18.4235349603459
18.6264539004844
18.8293728406229
19.0322917807614
19.2352107208999
19.508704006014
19.7821972911281
20.0556905762422
20.3291838613563
20.4501603047753
20.5711367481943
20.6921131916133
20.8130896350323
20.9340660784513
21.0550425218703
21.1760189652894
21.2969954087084
21.3990034373243
21.5010114659402
21.6030194945561
21.7050275231721
21.7979028930142
21.8907782628564
21.9836536326986
22.0765290025408
22.178055928057
22.2795828535732
22.3811097790894
22.4826367046056
22.6344220489713
22.786207393337
22.9379927377027
23.0897780820685
23.1853939585332
23.2810098349978
23.3766257114625
23.4722415879272
23.5678574643919
23.6634733408566
23.7590892173213
23.8547050937859
23.959627341698
24.0645495896101
24.1694718375222
24.2743940854342
24.3611903527191
24.4479866200041
24.534782887289
24.6215791545739
24.7037024644997
24.7858257744255
24.8679490843513
24.9500723942771
25.072029133823
25.193985873369
25.3159426129149
25.4378993524608
25.543005024367
25.6481106962732
25.7532163681794
25.8583220400856
25.9608906181141
26.0634591961426
26.1660277741712
26.2685963521997
26.3723821582618
26.4761679643238
26.5799537703858
26.6837395764478
26.776959379562
26.8701791826761
26.9633989857903
27.0566187889044
27.1826096313416
27.3086004737788
27.434591316216
27.5605821586533
27.7849369629489
28.0092917672445
28.2336465715401
28.4580013758358
28.7270977574177
28.9961941389997
29.2652905205817
29.5343869021636
29.7293822105175
29.9243775188713
30.1193728272251
30.3143681355789
30.4492159389826
30.5840637423863
30.7189115457901
30.8537593491938
30.9576243641299
31.061489379066
31.1653543940021
31.2692194089383
31.3730844238744
31.4769494388105
31.5808144537466
31.6846794686827
31.7822207736619
31.8797620786411
31.9773033836203
32.0748446885995
32.1989185155655
32.3229923425315
32.4470661694975
32.5711399964635
32.6901972757409
32.8092545550184
32.9283118342958
33.0473691135733
33.1664263928507
33.2854836721282
33.4045409514056
33.5235982306831
33.6197692931561
33.7159403556291
33.8121114181021
33.9082824805752
34.0059409292417
34.1035993779083
34.2012578265749
34.2989162752415
34.3797778843865
34.4606394935314
34.5415011026763
34.6223627118213
34.7179686898132
34.8135746678052
34.9091806457972
35.0047866237891
35.1251387456601
35.245490867531
35.3658429894019
35.4861951112729
35.5851111615685
35.684027211864
35.7829432621596
35.8818593124552
35.9895441759294
36.0972290394036
36.2049139028778
36.312598766352
36.4080687650789
36.5035387638057
36.5990087625326
36.6944787612594
36.7920042585359
36.8895297558124
36.9870552530888
37.0845807503653
37.2509988784454
37.4174170065255
37.5838351346055
37.7502532626856
37.9411541436102
38.1320550245348
38.3229559054594
38.513856786384
38.7397490255219
38.9656412646598
39.1915335037977
39.4174257429356
39.6643164877683
39.9112072326009
40.1580979774336
40.4049887222662
40.539352730811
40.6737167393558
40.8080807479005
40.9424447564453
41.0451486466836
41.147852536922
41.2505564271603
41.3532603173987
41.455964207637
41.5586680978754
41.6613719881137
41.764075878352
41.8596681677143
41.9552604570766
42.050852746439
42.1464450358013
42.2686186304182
42.3907922250351
42.512965819652
42.635139414269
42.7539858219693
42.8728322296696
42.9916786373699
43.1105250450703
43.2051035946144
43.2996821441586
43.3942606937028
43.488839243247
43.5834177927912
43.6779963423354
43.7725748918796
43.8671534414238
43.9657562162368
44.0643589910498
44.1629617658628
44.2615645406758
44.3436865136967
44.4258084867177
44.5079304597386
44.5900524327596
44.6756867723498
44.7613211119399
44.8469554515301
44.9325897911202
45.057623362268
45.1826569334159
45.3076905045637
45.4327240757115
45.5347668646087
45.6368096535059
45.738852442403
45.8408952313002
45.9483982975853
46.0559013638705
46.1634044301556
46.2709074964408
46.3698313196998
46.4687551429589
46.5676789662179
46.666602789477
46.7592787003661
46.8519546112553
46.9446305221445
47.0373064330336
47.17634571298
47.3153849929264
47.4544242728728
47.5934635528193
47.7911279320039
47.9887923111885
48.1864566903732
48.3841210695578
48.6201024165779
48.8560837635979
49.0920651106179
49.3280464576379
49.5304158915465
49.732785325455
49.9351547593636
50.1375241932721
50.2915917410337
50.4456592887952
50.5997268365568
50.7537943843183
50.8592004841777
50.964606584037
51.0700126838963
51.1754187837557
51.280824883615
51.3862309834743
51.4916370833337
51.597043183193
51.6918597250623
51.7866762669316
51.8814928088009
51.9763093506702
52.0836670066586
52.1910246626471
52.2983823186356
52.405739974624
52.5338235126685
52.661907050713
52.7899905887575
52.918074126802
53.0202467012744
53.1224192757467
53.2245918502191
53.3267644246914
53.4289369991638
53.5311095736361
53.6332821481084
53.7354547225808
53.8450567989088
53.9546588752368
54.0642609515648
54.1738630278929
54.2625834788974
54.3513039299019
54.4400243809065
54.528744831911
54.6106252670271
54.6925057021432
54.7743861372594
54.8562665723755
54.9779574436265
55.0996483148774
55.2213391861284
55.3430300573794
55.4477440739802
55.552458090581
55.6571721071818
55.7618861237826
55.8630917479589
55.9642973721353
56.0655029963117
56.166708620488
56.2695762784274
56.3724439363668
56.4753115943061
56.5781792522455
56.6701048741562
56.7620304960669
56.8539561179776
56.9458817398883
57.0693345407892
57.1927873416901
57.316240142591
57.4396929434919
57.6426707721712
57.8456486008504
58.0486264295297
58.251604258209
58.4832095880081
58.7148149178072
58.9464202476063
59.1780255774054
59.3858870904377
59.59374860347
59.8016101165023
60.0094716295346
60.2173331425669
60.4251946555992
60.6330561686315
60.8409176816638
60.9435198535862
61.0461220255086
61.148724197431
61.2513263693534
61.3539285412759
61.4565307131983
61.5591328851207
61.6617350570431
61.7565108545216
61.851286652
61.9460624494784
62.0408382469568
62.1538018677815
62.2667654886063
62.379729109431
62.4926927302557
62.6167253292856
62.7407579283156
62.8647905273456
62.9888231263756
63.0866229239196
63.1844227214637
63.2822225190078
63.3800223165519
63.477822114096
63.5756219116401
63.6734217091841
63.7712215067282
63.8760209010735
63.9808202954187
64.085619689764
64.1904190841092
64.2767380069618
64.3630569298143
64.4493758526669
64.5356947755195
64.6182220657379
64.7007493559562
64.7832766461746
64.865803936393
64.9881000668285
65.110396197264
65.2326923276996
65.3549884581351
65.4591307850444
65.5632731119538
65.6674154388631
65.7715577657724
65.8734455724468
65.9753333791211
66.0772211857955
66.1791089924698
66.2808362158499
66.38256343923
66.48429066261
66.5860178859901
66.6776791570794
66.7693404281686
66.8610016992579
66.9526629703472
67.0777283868946
67.2027938034421
67.3278592199895
67.4529246365369
67.6537450450945
67.854565453652
68.0553858622095
68.2562062707671
68.4869100971228
68.7176139234785
68.9483177498342
69.1790215761899
69.3875108094888
69.5960000427877
69.8044892760866
70.0129785093855
70.2214677426844
70.4299569759833
70.6384462092823
70.8469354425812
70.9497163578517
71.0524972731223
71.1552781883929
71.2580591036634
71.360840018934
71.4636209342045
71.5664018494751
71.6691827647457
71.7640144765149
71.858846188284
71.9536779000532
72.0485096118224
72.1617138724254
72.2749181330284
72.3881223936314
72.5013266542344
72.6250272647652
72.748727875296
72.8724284858267
72.9961290963575
73.0936438680251
73.1911586396927
73.2886734113603
73.386188183028
73.4837029546956
73.5812177263632
73.6787324980308
73.7762472696984
73.8807740570518
73.9853008444051
74.0898276317585
74.1943544191119
74.280536583334
74.3667187475562
74.4529009117784
74.5390830760005
74.6217092826379
74.7043354892753
74.7869616959127
74.86958790255
74.9919579345606
75.1143279665712
75.2366979985817
75.3590680305923
75.4631554194037
75.5672428082152
75.6713301970267
75.7754175858381
75.8774902972936
75.9795630087492
76.0816357202046
76.1837084316602
76.2853757931223
76.3870431545845
76.4887105160467
76.5903778775089
76.6821062035054
76.7738345295019
76.8655628554984
76.9572911814949
77.082795768196
77.2083003548971
77.3338049415983
77.4593095282994
77.6600903062356
77.8608710841719
78.0616518621081
78.2624326400444
78.4935226045803
78.7246125691161
78.955702533652
79.1867924981879
79.3946665860123
79.6025406738368
79.8104147616613
80.0182888494857
80.2261629373102
80.4340370251347
80.6419111129591
80.8497852007836
80.9533809697832
81.0569767387828
81.1605725077823
81.2641682767819
81.3677640457815
81.471359814781
81.5749555837806
81.6785513527802
81.7736373999031
81.8687234470259
81.9638094941488
82.0588955412716
82.1731011360405
82.2873067308093
82.4015123255782
82.515717920347
82.6387972395705
82.7618765587939
82.8849558780174
83.0080351972409
83.1048139691416
83.2015927410424
83.2983715129431
83.3951502848439
83.4919290567446
83.5887078286454
83.6854866005461
83.7822653724468
83.8861104990334
83.9899556256199
84.0938007522065
84.197645878793
84.283465056458
84.3692842341231
84.4551034117881
84.5409225894531
84.6237599067465
84.7065972240399
84.7894345413333
84.8722718586267
84.9948007592806
85.1173296599344
85.2398585605883
85.3623874612421
85.4663242008343
85.5702609404265
85.6741976800188
85.778134419611
85.8805040108945
85.9828736021781
86.0852431934616
86.1876127847452
86.2890521877378
86.3904915907305
86.4919309937232
86.5933703967158
86.6851279421074
86.7768854874991
86.8686430328907
86.9604005782823
87.0866415999464
87.2128826216104
87.3391236432745
87.4653646649385
87.6652298832267
87.8650951015148
88.0649603198029
88.264825538091
88.4954966059534
88.7261676738157
88.956838741678
89.1875098095403
89.395435372372
89.6033609352036
89.8112864980352
90.0192120608668
90.2271376236985
90.4350631865301
90.6429887493617
90.8509143121934
90.9546136345584
91.0583129569235
91.1620122792885
91.2657116016536
91.3694109240187
91.4731102463838
91.5768095687488
91.6805088911139
91.7756151958902
91.8707215006665
91.9658278054429
92.0609341102192
92.1752863199386
92.2896385296579
92.4039907393772
92.5183429490965
92.6413315194633
92.7643200898301
92.8873086601969
93.0102972305637
93.1069518019221
93.2036063732805
93.3002609446388
93.3969155159972
93.4935700873556
93.5902246587139
93.6868792300723
93.7835338014307
93.8872628200105
93.9909918385904
94.0947208571702
94.1984498757501
94.2842031555153
94.3699564352805
94.4557097150458
94.541462994811
94.6243209891089
94.7071789834068
94.7900369777047
94.8728949720027
94.9954448498896
95.1179947277765
95.2405446056634
95.3630944835503
95.4670149065215
95.5709353294926
95.6748557524637
95.7787761754348
95.8811727911693
95.9835694069037
96.0859660226382
96.1883626383727
96.2897699891184
96.3911773398642
96.4925846906099
96.5939920413557
96.6857455406801
96.7774990400046
96.869252539329
96.9610060386534
97.0873091107835
97.2136121829136
97.3399152550437
97.4662183271739
97.6660900136794
97.8659617001849
98.0658333866904
98.2657050731959
98.4964360514563
98.7271670297166
98.957898007977
99.1886289862374
99.3964957258661
99.6043624654948
99.8122292051235
100.020095944752
100.227962684381
100.43582942401
100.643696163638
100.851562903267
100.955374363784
101.059185824301
101.162997284819
101.266808745336
101.370620205853
101.47443166637
101.578243126887
101.682054587405
101.777197052138
101.87233951687
101.967481981603
102.062624446336
102.177121489046
102.291618531756
102.406115574466
102.520612617177
102.643504296853
102.76639597653
102.889287656206
103.012179335883
103.108727434913
103.205275533942
103.301823632972
103.398371732001
103.494919831031
103.591467930061
103.68801602909
103.78456412812
103.888195905171
103.991827682222
104.095459459273
104.199091236325
104.284792111794
104.370492987263
104.456193862733
104.541894738202
104.624788582924
104.707682427646
104.790576272368
104.87347011709
104.996046389675
105.118622662259
105.241198934843
105.363775207427
105.467671379645
105.571567551862
105.675463724079
105.779359896296
105.881811328458
105.984262760621
106.086714192783
106.189165624946
106.290539427037
106.391913229128
106.493287031218
106.594660833309
106.686424283316
106.778187733324
106.869951183331
106.961714633338
107.088153285975
107.214591938613
107.341030591251
107.467469243888
107.667206920917
107.866944597945
108.066682274973
108.266419952002
108.497109473304
108.727798994607
108.958488515909
109.189178037211
109.397017815814
109.604857594417
109.812697373019
110.020537151622
110.228376930225
110.436216708828
110.64405648743
110.851896266033
110.955766966242
111.059637666452
111.163508366661
111.26737906687
111.37124976708
111.475120467289
111.578991167498
111.682861867708
111.77802090134
111.873179934973
111.968338968606
112.063498002238
112.178074402489
112.292650802741
112.407227202992
112.521803603243
112.644647967073
112.767492330902
112.890336694732
113.013181058562
113.109670023113
113.206158987664
113.302647952215
113.399136916767
113.495625881318
113.592114845869
113.688603810421
113.785092774972
113.888670449411
113.992248123851
114.09582579829
114.19940347273
114.285074330652
114.370745188575
114.456416046497
114.54208690442
114.624996237842
114.707905571264
114.790814904686
114.873724238108
114.996313044885
115.118901851663
115.241490658441
115.364079465219
115.467964405166
115.571849345113
115.67573428506
115.779619225007
115.882092542755
115.984565860503
116.087039178251
116.189512495999
116.290868430003
116.392224364006
116.49358029801
116.594936232013
116.686701024113
116.778465816213
116.870230608312
116.961995400412
117.088487662443
117.214979924474
117.341472186505
117.467964448537
117.667652900478
117.867341352419
118.06702980436
118.266718256301
118.497394263045
118.728070269789
118.958746276533
119.189422283277
119.397254701315
119.605087119353
119.812919537392
120.02075195543
120.228584373468
120.436416791507
120.644249209545
120.852081627583
120.955978289081
121.059874950579
121.163771612077
121.267668273576
121.371564935074
121.475461596572
121.57935825807
121.683254919568
121.77842152351
121.873588127452
121.968754731395
122.063921335337
122.178532536736
122.293143738134
122.407754939533
122.522366140932
122.645187851367
122.768009561801
122.890831272235
123.01365298267
123.110115604578
123.206578226486
123.303040848395
123.399503470303
123.495966092211
123.59242871412
123.688891336028
123.785353957936
123.888907514514
123.992461071091
124.096014627669
124.199568184246
124.285225763076
124.370883341905
124.456540920734
124.542198499564
124.625115575856
124.708032652148
124.790949728441
124.873866804733
124.996461666894
125.119056529054
125.241651391215
125.364246253375
125.468125827874
125.572005402372
125.675884976871
125.779764551369
125.882249504069
125.984734456768
126.087219409468
126.189704362167
126.291052345602
126.392400329037
126.493748312473
126.595096295908
126.686862696535
126.778629097162
126.870395497789
126.962161898416
127.088682657151
127.215203415885
127.34172417462
127.468244933354
127.6679100057
127.867575078046
128.067240150391
128.266905222737
128.497577741656
128.728250260574
128.958922779493
129.189595298411
129.397418975087
129.605242651764
129.81306632844
130.020890005116
130.228713681793
130.436537358469
130.644361035146
130.852184711822
130.956099309227
131.060013906631
131.163928504036
131.267843101441
131.371757698845
131.47567229625
131.579586893654
131.683501491059
131.778673420874
131.873845350688
131.969017280503
132.064189210318
132.178824306225
132.293459402133
132.40809449804
132.522729593947
132.645536446589
132.768343299231
132.891150151874
133.013957004516
133.110402030425
133.206847056335
133.303292082245
133.399737108154
133.496182134064
133.592627159974
133.689072185883
133.785517211793
133.889054719018
133.992592226243
134.096129733469
134.199667240694
134.285315979567
134.370964718441
134.456613457315
134.542262196189
134.625184467242
134.708106738296
134.79102900935
134.873951280404
134.996550172979
135.119149065554
135.241747958129
135.364346850704
135.468222779645
135.572098708585
135.675974637525
135.779850566465
135.88234316993
135.984835773395
136.08732837686
136.189820980325
136.291163521265
136.392506062205
136.493848603145
136.595191144084
136.68695847431
136.778725804536
136.870493134762
136.962260464987
137.08880005952
137.215339654053
137.341879248586
137.468418843119
137.66806627147
137.867713699821
138.067361128172
138.267008556523
138.497675983129
138.728343409734
138.95901083634
139.189678262946
139.397498711373
139.605319159799
139.813139608225
140.020960056652
140.228780505078
140.436600953505
140.644421401931
140.852241850357
140.956165263005
141.060088675653
141.164012088301
141.267935500949
141.371858913597
141.475782326245
141.579705738893
141.683629151541
141.778803608349
141.873978065158
141.969152521966
142.064326978775
142.178973943854
142.293620908933
142.408267874012
142.52291483909
142.645714275181
142.768513711272
142.891313147363
143.014112583454
143.110548722125
143.206984860796
143.303420999468
143.399857138139
143.49629327681
143.592729415481
143.689165554152
143.785601692823
143.889131078387
143.99266046395
144.096189849514
144.199719235077
144.285363478593
144.371007722108
144.456651965624
144.542296209139
144.625220990185
144.708145771231
144.791070552277
144.873995333323
144.996596214765
145.119197096208
145.241797977651
145.364398859094
145.468273017897
145.572147176701
145.676021335505
145.779895494308
145.88239178706
145.984888079811
146.087384372563
146.189880665315
146.291220511128
146.392560356942
146.493900202756
146.595240048569
146.687007785349
146.778775522129
146.870543258909
146.962310995689
147.08885963059
147.215408265491
147.341956900392
147.468505535293
147.668145232394
147.867784929495
148.067424626596
148.267064323697
148.497730178319
148.728396032941
148.959061887563
149.189727742184
149.397546025581
149.605364308977
149.813182592373
150.021000875769
150.228819159165
150.436637442561
150.644455725957
150.852274009354
150.956202580658
151.060131151961
151.164059723265
151.267988294569
151.371916865873
151.475845437177
151.579774008481
151.683702579784
151.778878558408
151.874054537031
151.969230515655
152.064406494278
152.17906036457
152.293714234862
152.408368105154
152.523021975446
152.645817057225
152.768612139004
152.891407220782
153.014202302561
153.110633317258
153.207064331955
153.303495346652
153.399926361349
153.496357376046
153.592788390743
153.68921940544
153.785650420137
153.889175129217
153.992699838296
154.096224547375
154.199749256454
154.285390921449
154.371032586444
154.456674251439
154.542315916434
154.625242212581
154.708168508728
154.791094804875
154.874021101021
154.996623161401
155.11922522178
155.241827282159
155.364429342538
155.468302443033
155.572175543528
155.676048644022
155.779921744517
155.88242028671
155.984918828903
156.087417371095
156.189915913288
156.29125418468
156.392592456073
156.493930727465
156.595268998857
156.687037023333
156.778805047808
156.870573072284
156.962341096759
157.088895260259
157.215449423759
157.342003587259
157.468557750759
157.668192514407
157.867827278055
158.067462041703
158.267096805351
158.497761460675
158.728426115999
158.959090771324
159.189755426648
159.397572497076
159.605389567504
159.813206637933
160.021023708361
160.228840778789
160.436657849217
160.644474919646
160.852291990074
160.956223466953
161.060154943832
161.164086420711
161.26801789759
161.371949374469
161.475880851348
161.579812328227
161.683743805106
161.778920629438
161.87409745377
161.969274278101
162.064451102433
162.179108873402
162.293766644371
162.40842441534
162.523082186309
162.64587483677
162.768667487232
162.891460137693
163.014252788154
163.110680905326
163.207109022499
163.303537139672
163.399965256844
163.496393374017
163.59282149119
163.689249608362
163.785677725535
163.889199789898
163.992721854262
164.096243918625
164.199765982989
164.285406186213
164.371046389437
164.456686592661
164.542326795885
164.625253928165
164.708181060445
164.791108192725
164.874035325005
164.996638041861
165.119240758717
165.241843475573
165.364446192428
165.468318704806
165.572191217185
165.676063729563
165.779936241941
165.882436015497
165.984935789053
166.087435562609
166.189935336165
166.291272720578
166.392610104991
166.493947489403
166.595284873816
166.687053041069
166.778821208322
166.870589375574
166.962357542827
167.088914730015
167.215471917202
167.34202910439
167.468586291578
167.668218371736
167.867850451895
168.067482532054
168.267114612212
168.497778621666
168.728442631119
168.959106640573
169.189770650026
169.397587080203
169.60540351038
169.813219940556
170.021036370733
170.22885280091
170.436669231086
170.644485661263
170.85230209144
170.956235165056
171.060168238672
171.164101312288
171.268034385904
171.37196745952
171.475900533136
171.579833606752
171.683766680368
171.778943970778
171.874121261188
171.969298551598
172.064475842008
172.179135756733
172.293795671458
172.408455586183
172.523115500908
172.645906805063
172.768698109219
172.891489413374
173.01428071753
173.110707239629
173.207133761728
173.303560283827
173.399986805926
173.496413328025
173.592839850124
173.689266372224
173.785692894323
173.889213502547
173.992734110771
174.096254718996
174.19977532722
174.285414726106
174.371054124992
174.456693523879
174.542332922765
174.625260519253
174.708188115741
174.79111571223
174.874043308718
174.996646389192
175.119249469667
175.241852550141
175.364455630615
175.46832781763
175.572200004645
175.676072191659
175.779944378674
175.882444839121
175.984945299569
176.087445760016
176.189946220463
176.291283116838
176.392620013213
176.493956909587
176.595293805962
176.687062056771
176.77883030758
176.870598558389
176.962366809198
177.088925682877
177.215484556556
177.342043430234
177.468602303913
177.668232903046
177.867863502179
178.067494101311
178.267124700444
178.497788370325
178.728452040207
178.959115710088
179.189779379969
179.397595428237
179.605411476505
179.813227524774
180.021043573042
180.22885962131
180.436675669578
180.644491717846
180.852307766114
180.956241753208
181.060175740301
181.164109727395
181.268043714488
181.371977701582
181.475911688676
181.579845675769
181.683779662863
181.778957220512
181.874134778162
181.969312335811
182.064489893461
182.179151033748
182.293812174036
182.408473314323
182.523134454611
182.645924991588
182.768715528565
182.891506065542
183.014296602519
183.110722214849
183.207147827179
183.303573439509
183.399999051839
183.496424664169
183.592850276498
183.689275888828
183.785701501158
183.889221279117
183.992741057077
184.096260835036
184.199780612995
184.285419553311
184.371058493628
184.456697433944
184.54233637426
184.625264235927
184.708192097595
184.791119959262
184.87404782093
184.996651108887
185.119254396843
185.2418576848
185.364460972756
185.468332973773
185.57220497479
185.676076975807
185.779948976824
185.882449829141
185.984950681457
186.087451533774
186.189952386091
186.291289003491
186.392625620891
186.493962238292
186.595298855692
186.687067153839
186.778835451985
186.870603750132
186.962372048278
187.088931884564
187.215491720849
187.342051557135
187.46861139342
187.668241137361
187.867870881302
188.067500625243
188.267130369184
188.497793832864
188.728457296545
188.959120760225
189.189784223906
189.397600064973
189.605415906039
189.813231747106
190.021047588172
190.228863429239
190.436679270306
190.644495111372
190.852310952439
190.956245447521
191.060179942602
191.164114437684
191.268048932766
191.371983427848
191.47591792293
191.579852418012
191.683786913094
191.778964618878
191.874142324663
191.969320030448
192.064497736233
192.179159558675
192.293821381116
192.408483203557
192.523145025999
192.645935135878
192.768725245757
192.891515355636
193.014305465514
193.110730570732
193.207155675949
193.303580781167
193.400005886384
193.496430991602
193.592856096819
193.689281202037
193.785706307254
193.889225622337
193.992744937421
194.096264252504
194.199783567587
194.285422252136
194.371060936686
194.456699621236
194.542338305786
194.625266314641
194.708194323495
194.79112233235
194.874050341205
194.996653744547
195.119257147888
195.24186055123
195.364463954572
195.468335852294
195.572207750016
195.676079647738
195.77995154546
195.882452615208
195.984953684956
196.087454754704
196.189955824452
196.291292286623
196.392628748793
196.493965210963
196.595301673134
196.687069997289
196.778838321444
196.870606645599
196.962374969754
197.08893533993
197.215495710107
197.342056080283
197.46861645046
197.668245723707
197.867874996955
198.067504270203
198.267133543451
198.497796897055
198.728460250659
198.959123604263
199.189786957867
199.39760268109
199.605418404313
199.813234127536
200.021049850759
200.228865573982
200.436681297205
200.644497020428
200.85231274365
200.956247525027
201.060182306403
201.16411708778
201.268051869156
201.371986650532
201.475921431909
201.579856213285
201.683790994662
201.778968784126
201.87414657359
201.969324363055
202.064502152519
202.17916435923
202.29382656594
202.408488772651
202.523150979362
202.645940848428
202.768730717494
202.89152058656
203.014310455626
203.110735275365
203.207160095103
203.303584914841
203.400009734579
203.496434554318
203.592859374056
203.689284193794
203.785709013532
203.889228068063
203.992747122593
204.096266177124
204.199785231654
204.28542377228
204.371062312906
204.456700853532
204.542339394157
204.625267486184
204.708195578211
204.791123670237
204.874051762264
204.996655230711
205.119258699159
205.241862167606
205.364465636054
205.468337475455
205.572209314856
205.676081154257
205.779952993658
205.882454186381
205.984955379104
206.087456571827
206.18995776455
206.291294139246
206.392630513942
206.493966888638
206.595303263334
206.687071602384
206.778839941435
206.870608280485
206.962376619536
207.088937291738
207.215497963941
207.342058636143
207.468619308346
207.668248314523
207.867877320699
208.067506326876
208.267135333053
208.49779862348
208.728461913907
208.959125204334
209.189788494761
209.397604151669
209.605419808576
209.813235465484
210.021051122392
210.2288667793
210.436682436208
210.644498093115
210.852313750023
210.956248692418
211.060183634813
211.164118577208
211.268053519603
211.371988461998
211.475923404393
211.579858346788
211.683793289183
211.778971125662
211.874148962141
211.969326798621
212.0645046351
212.179167057977
212.293829480853
212.40849190373
212.523154326607
212.645944060342
212.768733794078
212.891523527813
213.014313261549
213.110737920688
213.207162579827
213.303587238967
213.400011898106
213.496436557245
213.592861216385
213.689285875524
213.785710534663
213.889229442618
213.992748350572
214.096267258526
214.19978616648
214.285424626125
214.37106308577
214.456701545415
214.54234000506
214.625268143785
214.70819628251
214.791124421235
214.87405255996
214.996656064987
215.119259570015
215.241863075043
215.36446658007
215.468338386707
215.572210193344
215.676081999981
215.779953806618
215.88245506834
215.984956330061
216.087457591783
216.189958853505
216.291295179004
216.392631504503
216.493967830003
216.595304155502
216.687072502842
216.778840850182
216.870609197522
216.962377544862
217.088938386516
217.215499228169
217.342060069823
217.468620911476
217.668249767836
217.867878624196
218.067507480555
218.267136336915
218.49779959189
218.728462846865
218.95912610184
219.189789356815
219.397604976666
219.605420596518
219.81323621637
220.021051836222
220.228867456074
220.436683075925
220.644498695777
220.852314315629
220.956249348341
221.060184381054
221.164119413766
221.268054446479
221.371989479191
221.475924511904
221.579859544616
221.683794577329
221.778972440183
221.874150303038
221.969328165892
222.064506028747
222.179168572877
222.293831117007
222.408493661137
222.523156205267
222.645945863046
222.768735520825
222.891525178603
223.014314836382
223.110739405422
223.207163974462
223.303588543502
223.400013112542
223.496437681583
223.592862250623
223.689286819663
223.785711388703
223.889230214423
223.992749040143
224.096267865863
224.199786691583
224.285425105797
224.371063520011
224.456701934225
224.542340348439
224.625268513377
224.708196678316
224.791124843254
224.874053008193
224.996656533752
225.119260059311
225.241863584869
225.364467110428
225.468338898678
225.572210686928
225.676082475178
225.779954263428
225.882455563895
225.984956864363
226.08745816483
226.189959465298
226.291295763199
226.3926320611
226.493968359001
226.595304656902
226.687073008913
226.778841360925
226.870609712936
226.962378064947
227.088939001752
227.215499938558
227.342060875363
227.468621812168
227.668250584486
227.867879356805
228.067508129123
228.267136901441
228.497800136619
228.728463371797
228.959126606975
229.189789842153
229.397605441074
229.605421039995
229.813236638915
230.021052237836
230.228867836756
230.436683435677
230.644499034598
230.852314633518
230.956249717069
231.060184800619
231.164119884169
231.26805496772
231.37199005127
231.475925134821
231.579860218371
231.683795301921
231.778973179625
231.874151057329
231.969328935033
232.064506812737
232.179169425114
232.29383203749
232.408494649866
232.523157262242
232.645946877279
232.768736492316
232.891526107354
233.014315722391
233.11074024073
233.207164759068
233.303589277407
233.400013795745
233.496438314084
233.592862832423
233.689287350761
233.7857118691
233.889230648545
233.992749427991
234.096268207437
234.199786986883
234.285425375532
234.371063764182
234.456702152832
234.542340541482
234.625268721174
234.708196900867
234.79112508056
234.874053260253
234.996656797366
235.119260334479
235.241863871592
235.364467408705
235.468339186606
235.572210964506
235.676082742407
235.779954520307
235.882455842581
235.984957164854
236.087458487128
236.189959809402
236.29129609177
236.392632374137
236.493968656505
236.595304938873
236.687073293512
236.778841648152
236.870610002791
236.962378357431
237.08893934779
237.215500338149
237.342061328508
237.468622318867
237.668251043838
237.867879768808
238.067508493779
238.267137218749
238.497800442726
238.728463666704
238.959126890681
239.189790114658
239.397605701847
239.605421289036
239.813236876225
240.021052463414
240.228868050603
240.436683637792
240.644499224981
240.852314812169
240.956249924269
241.060185036369
241.164120148469
241.268055260568
241.371990372668
241.475925484768
241.579860596868
241.683795708968
241.778973595008
241.874151481049
241.96932936709
242.064507253131
242.179169903836
242.29383255454
242.408495205244
242.523157855948
242.645947446981
242.768737038015
242.891526629048
243.014316220081
243.110740709941
243.207165199802
243.303589689662
243.400014179522
243.496438669383
243.592863159243
243.689287649103
243.785712138964
243.889230892418
243.992749645871
244.096268399325
244.199787152779
244.285425527069
244.371063901359
244.456702275649
244.542340649939
244.625268837916
244.708197025893
244.791125213869
244.874053401846
244.996656945448
245.11926048905
245.241864032651
245.364467576253
245.468339348342
245.572211120432
245.676082892521
245.77995466461
245.882455999126
245.984957333643
246.08745866816
246.189960002676
246.29129627632
246.392632549965
246.493968823609
246.595305097253
246.687073453367
246.77884180948
246.870610165594
246.962378521708
247.088939542133
247.215500562559
247.342061582984
247.46862260341
247.668251301814
247.867880000218
248.067508698623
248.267137397027
248.497800614735
248.728463832442
248.95912705015
249.189790267858
249.397605848448
249.605421429038
249.813237009628
250.021052590218
250.228868170808
250.436683751398
250.644499331988
250.852314912578
250.956250040726
251.060185168875
251.164120297023
251.268055425171
251.371990553319
251.475925681467
251.579860809615
251.683795937763
251.778973828491
251.87415171922
251.969329609948
252.064507500676
252.179170172925
252.293832845173
252.408495517422
252.52315818967
252.645947767209
252.768737344748
252.891526922288
253.014316499827
253.11074097368
253.207165447533
253.303589921387
253.40001439524
253.496438869094
253.592863342947
253.689287816801
253.785712290654
253.889231029499
253.992749768343
254.096268507187
254.199787246032
254.285425612251
254.37106397847
254.456702344689
254.542340710908
254.625268903542
254.708197096177
254.791125288811
254.874053481446
254.996657028695
255.119260575945
255.241864123194
255.364467670444
255.468339439266
255.572211208088
255.67608297691
255.779954745732
255.882456087133
255.984957428533
256.087458769934
256.189960111335
256.291296380075
256.392632648816
256.493968917556
256.595305186297
256.687073543241
256.778841900184
256.870610257128
256.962378614071
257.088939651403
257.215500688735
257.342061726067
257.468622763399
257.668251446862
257.867880130324
258.067508813787
258.267137497249
258.497800711428
258.728463925607
258.959127139786
259.189790353965
259.397605930846
259.605421507727
259.813237084607
260.021052661488
260.228868238368
260.436683815249
260.64449939213
260.85231496901
260.956250106179
261.060185243348
261.164120380516
261.268055517685
261.371990654854
261.475925792022
261.579860929191
261.68379606636
261.778973959722
261.874151853085
261.969329746447
262.06450763981
262.179170324169
262.293833008527
262.408495692886
262.523158377245
262.6459479472
262.768737517155
262.89152708711
263.014316657064
263.11074112192
263.207165586776
263.303590051632
263.400014516488
263.496438981344
263.5928634462
263.689287911056
263.785712375912
263.889231106545
263.992749837177
264.09626856781
264.199787298442
264.285425660124
264.371064021806
264.456702383489
264.542340745171
264.625268940423
264.708197135675
264.791125330928
264.87405352618
264.99665707548
265.119260624779
265.241864174079
265.364467723379
265.468339490364
265.57221125735
265.676083024336
265.779954791322
265.882456136591
265.984957481861
266.08745882713
266.1899601724
266.291296438384
266.392632704368
266.493968970353
266.595305236337
266.687073593746
266.778841951156
266.870610308565
266.962378665975
267.088939712808
267.215500759641
267.342061806474
267.468622853307
267.668251528373
267.86788020344
268.067508878507
268.267137553574
268.49780076577
268.728463977966
268.959127190162
269.189790402358
269.397605977154
269.60542155195
269.813237126746
270.021052701542
270.228868276339
270.436683851135
270.644499425931
270.852315000727
270.956250142965
271.060185285203
271.164120427441
271.268055569679
271.371990711916
271.475925854154
271.579860996392
271.68379613863
271.778974033473
271.874151928316
271.969329823159
272.064507718002
272.179170409166
272.29383310033
272.408495791494
272.523158482658
272.64594804835
272.768737614043
272.891527179735
273.014316745428
273.110741205228
273.207165665027
273.303590124827
273.400014584627
273.496439044426
273.592863504226
273.689287964026
273.785712423826
273.889231149844
273.992749875861
274.096268601879
274.199787327897
274.28542568703
274.371064046163
274.456702405295
274.542340764428
274.625268961151
274.708197157875
274.791125354598
274.874053551321
274.996657101773
275.119260652225
275.241864202676
275.364467753128
275.468339519082
275.572211285036
275.67608305099
275.779954816944
275.882456164387
275.984957511831
276.087458859275
276.189960206718
276.291296471154
276.392632735589
276.493969000024
276.59530526446
276.687073622131
276.778841979803
276.870610337474
276.962378695146
277.088939747318
277.215500799491
277.342061851664
277.468622903836
277.668251574184
277.867880244531
278.067508914879
278.267137585226
278.497800796308
278.728464007389
278.959127218471
279.189790429552
279.397606003177
279.605421576803
279.813237150428
280.021052724053
280.228868297678
280.436683871303
280.644499444928
280.852315018553
280.956250163641
281.060185308728
281.164120453815
281.268055598902
281.371990743989
281.475925889076
281.579861034164
281.683796179251
281.778974074926
281.874151970601
281.969329866276
282.064507761951
282.17917045694
282.293833151929
282.408495846918
282.523158541907
282.645948105204
282.768737668501
282.891527231798
283.014316795095
283.110741252053
283.20716570901
283.303590165968
283.400014622926
283.496439079884
283.592863536842
283.689287993799
283.785712450757
283.889231174181
283.992749897605
284.096268621029
284.199787344453
284.285425702153
284.371064059853
284.456702417552
284.542340775252
284.625268972802
284.708197170352
284.791125367903
284.874053565453
284.996657116552
285.119260667652
285.241864218751
285.36446776985
285.468339535224
285.572211300598
285.676083065972
285.779954831346
285.882456180012
285.984957528677
286.087458877343
286.189960226009
286.291296489574
286.392632753138
286.493969016703
286.595305280268
286.687073638086
286.778841995905
286.870610353724
286.962378711542
287.088939766716
287.21550082189
287.342061877064
287.468622932238
287.668251599932
287.867880267626
288.067508935321
288.267137603015
288.49780081347
288.728464023925
288.95912723438
289.189790444835
289.397606017802
289.60542159077
289.813237163737
290.021052736704
290.228868309671
290.436683882638
290.644499455605
290.852315028572
290.95625017526
291.060185321949
291.164120468637
291.268055615326
291.371990762014
291.475925908702
291.579861055391
291.683796202079
291.778974098222
291.874151994365
291.969329890507
292.06450778665
292.179170483789
292.293833180928
292.408495878067
292.523158575206
292.645948137156
292.768737699107
292.891527261057
293.014316823008
293.110741278368
293.207165733729
293.303590189089
293.400014644449
293.49643909981
293.59286355517
293.689288010531
293.785712465891
293.889231187858
293.992749909824
294.09626863179
294.199787353756
294.285425710651
294.371064067545
294.456702424439
294.542340781334
294.625268979349
294.708197177364
294.791125375378
294.874053573393
294.996657124856
295.11926067632
295.241864227783
295.364467779246
295.468339544294
295.572211309342
295.67608307439
295.779954839438
295.88245618879
295.984957538143
296.087458887495
296.189960236848
296.291296499923
296.392632762999
296.493969026074
296.59530528915
296.687073647051
296.778842004953
296.870610362854
296.962378720756
297.088939777616
297.215500834476
297.342061891337
297.468622948197
297.668251614402
297.867880280607
298.067508946812
298.267137613017
298.497800823121
298.728464033225
298.959127243328
299.189790453432
299.397606026028
299.605421598625
299.813237171222
300.021052743818
300.228868316415
300.436683889012
300.644499461608
300.852315034205
300.956250181794
301.060185329383
301.164120476972
301.26805562456
301.371990772149
301.475925919738
301.579861067327
301.683796214915
301.778974111321
301.874152007727
301.969329904133
302.064507800539
302.179170498886
302.293833197234
302.408495895581
302.523158593929
302.645948155122
302.768737716316
302.891527277509
303.014316838703
303.110741293165
303.207165747628
303.303590202091
303.400014656553
303.496439111016
303.592863565478
303.689288019941
303.785712474403
303.88923119555
303.992749916696
304.096268637843
304.19978735899
304.285425715431
304.371064071873
304.456702428314
304.542340784756
304.625268983032
304.708197181308
304.791125379584
304.874053577861
304.996657129529
305.119260681197
305.241864232865
305.364467784533
305.468339549398
305.572211314262
305.676083079127
305.779954843991
305.88245619373
305.984957543469
306.087458893208
306.189960242947
306.291296505747
306.392632768547
306.493969031348
306.595305294148
306.687073652096
306.778842010044
306.870610367992
306.96237872594
307.088939783749
307.215500841559
307.342061899368
307.468622957177
307.668251622543
307.867880287909
308.067508953275
308.267137618641
308.497800828546
308.728464038451
308.959127248356
309.189790458262
309.39760603065
309.605421603039
309.813237175427
310.021052747816
310.228868320204
310.436683892593
310.644499464982
310.85231503737
310.956250185465
311.060185333559
311.164120481654
311.268055629749
311.371990777843
311.475925925938
311.579861074032
311.683796222127
311.778974118681
311.874152015234
311.969329911788
312.064507808341
312.179170507368
312.293833206395
312.408495905422
312.523158604449
312.645948165217
312.768737725985
312.891527286753
313.014316847521
313.110741301479
313.207165755437
313.303590209395
313.400014663353
313.496439117311
313.592863571269
313.689288025226
313.785712479184
313.88923119987
313.992749920557
314.096268641243
314.199787361929
314.285425718116
314.371064074303
314.45670243049
314.542340786677
314.6252689851
314.708197183523
314.791125381946
314.874053580369
314.996657132152
315.119260683935
315.241864235718
315.364467787501
315.468339552262
315.572211317024
315.676083081786
315.779954846547
315.882456196503
315.984957546459
316.087458896415
316.18996024637
316.291296509016
316.392632771662
316.493969034308
316.595305296953
316.687073654927
316.778842012902
316.870610370876
316.96237872885
317.088939787192
317.215500845534
317.342061903876
317.468622962217
317.668251627114
317.867880292011
318.067508956907
318.267137621804
318.497800831599
318.728464041393
318.959127251188
319.189790460983
319.397606033254
319.605421605525
319.813237177796
320.021052750068
320.228868322339
320.43668389461
320.644499466881
320.852315039153
320.956250187532
321.060185335912
321.164120484291
321.26805563267
321.37199078105
321.475925929429
321.579861077809
321.683796226188
321.778974122825
321.874152019462
321.969329916098
322.064507812735
322.179170512144
322.293833211553
322.408495910963
322.523158610372
322.6459481709
322.768737731429
322.891527291958
323.014316852486
323.11074130616
323.207165759834
323.303590213507
323.400014667181
323.496439120855
323.592863574528
323.689288028202
323.785712481876
323.889231202302
323.992749922729
324.096268643156
324.199787363583
324.285425719627
324.37106407567
324.456702431714
324.542340787758
324.625268986264
324.708197184769
324.791125383275
324.874053581781
324.996657133628
325.119260685476
325.241864237324
325.364467789172
325.468339553875
325.572211318579
325.676083083283
325.779954847986
325.882456198064
325.984957548142
326.08745889822
326.189960248297
326.291296510856
326.392632773415
326.493969035974
326.595305298532
326.687073656521
326.77884201451
326.870610372499
326.962378730488
327.08893978913
327.215500847771
327.342061906413
327.468622965055
327.668251629686
327.867880294316
328.067508958947
328.267137623578
328.49780083331
328.728464043042
328.959127252774
329.189790462506
329.397606034712
329.605421606917
329.813237179123
330.021052751329
330.228868323534
330.43668389574
330.644499467945
330.852315040151
330.95625018869
331.060185337229
331.164120485768
331.268055634308
331.371990782847
331.475925931386
331.579861079925
331.683796228464
331.778974125147
331.874152021831
331.969329918514
332.064507815197
332.179170514821
332.293833214444
332.408495914067
332.523158613691
332.645948174085
332.76873773448
332.891527294874
333.014316855268
333.110741308783
333.207165762298
333.303590215812
333.400014669327
333.496439122841
333.592863576356
333.689288029871
333.785712483385
333.889231203667
333.992749923948
334.09626864423
334.199787364511
334.285425720475
334.371064076438
334.456702432402
334.542340788365
334.625268986917
334.708197185469
334.791125384021
334.874053582573
334.996657134457
335.119260686341
335.241864238225
335.364467790109
335.468339554781
335.572211319452
335.676083084123
335.779954848794
335.88245619894
335.984957549087
336.087458899233
336.189960249379
336.291296511889
336.392632774399
336.493969036909
336.595305299419
336.687073657416
336.778842015413
336.870610373411
336.962378731408
337.088939790218
337.215500849028
337.342061907838
337.468622966648
337.668251631131
337.867880295614
338.067508960097
338.26713762458
338.497800834277
338.728464043974
338.959127253671
339.189790463368
339.397606035536
339.605421607705
339.813237179874
340.021052752043
340.228868324211
340.43668389638
340.644499468549
340.852315040717
340.956250189347
341.060185337977
341.164120486606
341.268055635236
341.371990783865
341.475925932495
341.579861081125
341.683796229754
341.778974126464
341.874152023174
341.969329919884
342.064507816594
342.179170516339
342.293833216084
342.408495915829
342.523158615574
342.645948175892
342.76873773621
342.891527296529
343.014316856847
343.110741310271
343.207165763695
343.303590217119
343.400014670544
343.496439123968
343.592863577392
343.689288030816
343.78571248424
343.889231204439
343.992749924638
344.096268644837
344.199787365036
344.285425720954
344.371064076872
344.45670243279
344.542340788708
344.625268987286
344.708197185865
344.791125384443
344.874053583021
344.996657134926
345.11926068683
345.241864238735
345.364467790639
345.468339555292
345.572211319945
345.676083084597
345.77995484925
345.882456199435
345.984957549621
346.087458899806
346.189960249991
346.291296512473
346.392632774955
346.493969037438
346.59530529992
346.687073657922
346.778842015924
346.870610373925
346.962378731927
347.088939790832
347.215500849737
347.342061908642
347.468622967548
347.668251631944
347.867880296341
348.067508960737
348.267137625134
348.49780083481
348.728464044486
348.959127254163
349.189790463839
349.397606035987
349.605421608135
349.813237180284
350.021052752432
350.228868324581
350.436683896729
350.644499468877
350.852315041026
350.956250189705
351.060185338383
351.164120487062
351.268055635741
351.37199078442
351.475925933099
351.579861081777
351.683796230456
351.77897412718
351.874152023904
351.969329920629
352.064507817353
352.179170517164
352.293833216975
352.408495916786
352.523158616598
352.645948176875
352.768737737151
352.891527297428
353.014316857705
353.11074131108
353.207165764455
353.30359021783
353.400014671205
353.49643912458
353.592863577956
353.689288031331
353.785712484706
353.88923120486
353.992749925014
354.096268645168
354.199787365323
354.285425721216
354.371064077109
354.456702433002
354.542340788896
354.625268987488
354.708197186081
354.791125384673
354.874053583266
354.996657135182
355.119260687097
355.241864239013
355.364467790928
355.468339555571
355.572211320214
355.676083084857
355.779954849499
355.882456199706
355.984957549912
356.087458900118
356.189960250324
356.291296512792
356.392632775259
356.493969037726
356.595305300193
356.687073658198
356.778842016202
356.870610374207
356.962378732211
357.088939791168
357.215500850125
357.342061909082
357.468622968038
357.668251632391
357.867880296744
358.067508961097
358.26713762545
358.497800835116
358.728464044782
358.959127254448
359.189790464114
359.397606036251
359.605421608387
359.813237180524
360.021052752661
360.228868324797
360.436683896934
360.644499469071
360.852315041207
360.956250189915
361.060185338623
361.164120487331
361.268055636039
361.371990784747
361.475925933455
361.579861082162
361.68379623087
361.778974127603
361.874152024335
361.969329921068
362.064507817801
362.179170517651
362.293833217501
362.408495917351
362.523158617201
362.645948177454
362.768737737706
362.891527297958
363.014316858211
363.110741311557
363.207165764903
363.30359021825
363.400014671596
363.496439124942
363.592863578288
363.689288031634
363.785712484981
363.889231205108
363.992749925236
364.096268645364
364.199787365492
364.28542572137
364.371064077249
364.456702433128
364.542340789006
364.625268987607
364.708197186208
364.791125384809
364.87405358341
364.996657135333
365.119260687255
365.241864239177
365.3644677911
365.468339555737
365.572211320373
365.67608308501
365.779954849647
365.882456199866
365.984957550085
366.087458900303
366.189960250522
366.29129651298
366.392632775439
366.493969037897
366.595305300355
366.687073658361
366.778842016367
366.870610374373
366.962378732379
367.088939791367
367.215500850354
367.342061909342
367.46862296833
367.668251632655
367.86788029698
368.067508961306
368.267137625631
368.49780083529
368.728464044949
368.959127254608
369.189790464267
369.397606036397
369.605421608527
369.813237180657
370.021052752786
370.228868324916
370.436683897046
370.644499469176
370.852315041306
370.95625019003
371.060185338754
371.164120487477
371.268055636201
371.371990784925
371.475925933648
371.579861082372
371.683796231096
371.778974127833
371.87415202457
371.969329921307
372.064507818045
372.179170517916
372.293833217787
372.408495917659
372.52315861753
372.645948177769
372.768737738008
372.891527298248
373.014316858487
373.110741311817
373.207165765148
373.303590218478
373.400014671809
373.496439125139
373.59286357847
373.6892880318
373.78571248513
373.889231205244
373.992749925357
374.096268645471
374.199787365584
374.285425721455
374.371064077325
374.456702433196
374.542340789067
374.625268987672
374.708197186278
374.791125384883
374.874053583489
374.996657135415
375.119260687341
375.241864239267
375.364467791193
375.468339555826
375.57221132046
375.676083085093
375.779954849727
375.882456199952
375.984957550178
376.087458900403
376.189960250629
376.291296513082
376.392632775536
376.49396903799
376.595305300443
376.68707365845
376.778842016456
376.870610374463
376.96237873247
377.088939791474
377.215500850479
377.342061909484
377.468622968488
377.668251632798
377.867880297108
378.067508961419
378.267137625729
378.497800835385
378.728464045041
378.959127254697
379.189790464353
379.397606036479
379.605421608605
379.813237180731
380.021052752857
380.228868324983
380.436683897109
380.644499469234
380.85231504136
380.956250190093
381.060185338825
381.164120487558
381.26805563629
381.371990785023
381.475925933755
381.579861082488
381.68379623122
381.77897412796
381.8741520247
381.96932992144
382.064507818179
382.179170518062
382.293833217945
382.408495917828
382.523158617711
382.645948177943
382.768737738175
382.891527298407
383.014316858639
383.110741311961
383.207165765282
383.303590218604
383.400014671926
383.496439125247
383.592863578569
383.689288031891
383.785712485212
383.889231205318
383.992749925423
384.096268645529
384.199787365634
384.2854257215
384.371064077367
384.456702433233
384.542340789099
384.625268987708
384.708197186316
384.791125384924
384.874053583532
384.99665713546
385.119260687388
385.241864239316
385.364467791244
385.468339555875
385.572211320507
385.676083085139
385.779954849771
385.8824562
385.984957550229
386.087458900459
386.189960250688
386.291296513139
386.39263277559
386.49396903804
386.595305300491
386.687073658498
386.778842016505
386.870610374512
386.96237873252
387.088939791533
387.215500850547
387.342061909561
387.468622968575
387.668251632877
387.867880297178
388.06750896148
388.267137625782
388.497800835436
388.72846404509
388.959127254744
389.189790464398
389.397606036522
389.605421608646
389.813237180771
390.021052752895
390.228868325019
390.436683897144
390.644499469268
390.852315041392
390.95625019013
391.060185338867
391.164120487605
391.268055636342
391.37199078508
391.475925933817
391.579861082555
391.683796231293
391.778974128034
391.874152024775
391.969329921516
392.064507818258
392.179170518148
392.293833218037
392.408495917927
392.523158617817
392.645948178044
392.768737738272
392.891527298499
393.014316858727
393.110741312043
393.20716576536
393.303590218677
393.400014671993
393.49643912531
393.592863578626
393.689288031943
393.785712485259
393.88923120536
393.992749925461
394.096268645562
394.199787365663
394.285425721527
394.37106407739
394.456702433254
394.542340789118
394.625268987727
394.708197186337
394.791125384946
394.874053583556
394.996657135485
395.119260687414
395.241864239343
395.364467791272
395.468339555903
395.572211320534
395.676083085165
395.779954849795
395.882456200027
395.984957550258
396.087458900489
396.189960250721
396.29129651317
396.392632775619
396.493969038069
396.595305300518
396.687073658525
396.778842016533
396.87061037454
396.962378732548
397.088939791567
397.215500850585
397.342061909604
397.468622968623
397.66825163292
397.867880297216
398.067508961513
398.26713762581
398.497800835462
398.728464045115
398.959127254768
399.18979046442
399.392342848315
399.59489523221
399.797447616105
400
