0
0.0596244536543533
0.119248907308707
0.17887336096306
0.238497814617413
0.298122268271767
0.35774672192612
0.417371175580473
0.476995629234827
0.533800182107085
0.590604734979344
0.647409287851603
0.704213840723862
0.761018393596121
0.81782294646838
0.874627499340639
0.931432052212898
0.992711269495518
1.05399048677814
1.11526970406076
1.17654892134338
1.24241710559741
1.30828528985144
1.37415347410547
1.4400216583595
1.51379880280212
1.58757594724475
1.66135309168737
1.73513023612999
1.79471640824821
1.85430258036644
1.91388875248466
1.97347492460289
2.03260971487309
2.0917445051433
2.15087929541351
2.21001408568372
2.27816701215872
2.34631993863371
2.4144728651087
2.48262579158369
2.546983808063
2.61134182454231
2.67569984102162
2.74005785750092
2.80106761712233
2.86207737674374
2.92308713636515
2.98409689598656
3.04510665560797
3.10611641522938
3.16712617485079
3.22813593447219
3.29515020944159
3.36216448441098
3.42917875938037
3.49619303434976
3.55419256258335
3.61219209081694
3.67019161905054
3.72819114728413
3.79533394654428
3.86247674580442
3.92961954506457
3.99676234432472
4.06798197470009
4.13920160507547
4.21042123545085
4.28164086582623
4.34884279605691
4.41604472628759
4.48324665651827
4.55044858674895
4.60935406592248
4.66825954509602
4.72716502426956
4.78607050344309
4.84480770896794
4.90354491449279
4.96228212001764
5.02101932554248
5.08694886953015
5.15287841351781
5.21880795750547
5.28473750149313
5.36460821592702
5.4444789303609
5.52434964479479
5.60422035922868
5.67808816724906
5.75195597526944
5.82582378328983
5.89969159131021
5.96081411883723
6.02193664636425
6.08305917389127
6.14418170141829
6.21427882657772
6.28437595173716
6.35447307689659
6.42457020205602
6.49792518196073
6.57128016186543
6.64463514177013
6.71799012167483
6.79302150465942
6.86805288764402
6.94308427062861
7.0181156536132
7.08649046597621
7.15486527833921
7.22324009070222
7.29161490306522
7.3636195690548
7.43562423504437
7.50762890103394
7.57963356702352
7.646458244947
7.71328292287047
7.78010760079395
7.84693227871743
7.91604511342654
7.98515794813566
8.05427078284477
8.12338361755388
8.21248978186673
8.30159594617958
8.39070211049243
8.47980827480528
8.53801859385885
8.59622891291242
8.65443923196599
8.71264955101956
8.77085987007314
8.82907018912671
8.88728050818028
8.94549082723385
9.01208608114379
9.07868133505374
9.14527658896368
9.21187184287363
9.28024290711483
9.34861397135603
9.41698503559723
9.48535609983842
9.55751423177624
9.62967236371405
9.70183049565187
9.77398862758968
9.84614675952749
9.91830489146531
9.99046302340312
10.0626211553409
10.1318693120583
10.2011174687756
10.270365625493
10.3396137822103
10.4016162696519
10.4636187570935
10.5256212445351
10.5876237319767
10.6585894419086
10.7295551518404
10.8005208617722
10.8714865717041
10.9315155211072
10.9915444705103
11.0515734199135
11.1116023693166
11.1720744913496
11.2325466133825
11.2930187354154
11.3534908574484
11.4231034170515
11.4927159766547
11.5623285362579
11.631941095861
11.6929606008353
11.7539801058096
11.8149996107839
11.8760191157582
11.9502337907473
12.0244484657365
12.0986631407256
12.1728778157147
12.2389200835269
12.3049623513391
12.3710046191513
12.4370468869634
12.5089722693581
12.5808976517528
12.6528230341475
12.7247484165421
12.7937496789274
12.8627509413126
12.9317522036979
13.0007534660831
13.0717922856356
13.142831105188
13.2138699247405
13.2849087442929
13.3652112789364
13.4455138135798
13.5258163482233
13.6061188828667
13.6798516434946
13.7535844041225
13.8273171647504
13.9010499253782
13.9637952558685
14.0265405863588
14.0892859168491
14.1520312473394
14.2234565309593
14.2948818145793
14.3663070981992
14.4377323818191
14.5138843508075
14.5900363197959
14.6661882887843
14.7423402577727
14.8169622569092
14.8915842560457
14.9662062551822
15.0408282543187
15.1042437740644
15.1676592938102
15.231074813556
15.2944903333018
15.367942104891
15.4413938764803
15.5148456480696
15.5882974196588
15.6626394563867
15.7369814931146
15.8113235298425
15.8856655665704
15.9618307515819
16.0379959365934
16.114161121605
16.1903263066165
16.2528268481267
16.3153273896369
16.377827931147
16.4403284726572
16.5126488158352
16.5849691590131
16.657289502191
16.7296098453689
16.8024512433066
16.8752926412444
16.9481340391821
17.0209754371199
17.0982999296379
17.175624422156
17.2529489146741
17.3302734071921
17.3939900097702
17.4577066123483
17.5214232149264
17.5851398175045
17.6567987366839
17.7284576558634
17.8001165750428
17.8717754942223
17.9432567090871
18.0147379239519
18.0862191388167
18.1577003536815
18.2323632271874
18.3070261006934
18.3816889741993
18.4563518477053
18.5244344686227
18.5925170895401
18.6605997104575
18.7286823313749
18.8020890435267
18.8754957556786
18.9489024678305
19.0223091799824
19.0923991605325
19.1624891410826
19.2325791216328
19.3026691021829
19.3782663015282
19.4538635008736
19.5294607002189
19.6050578995643
19.6720378754356
19.7390178513069
19.8059978271783
19.8729778030496
19.9466763275422
20.0203748520348
20.0940733765274
20.16777190102
20.2363497868648
20.3049276727096
20.3735055585544
20.4420834443992
20.5177728603741
20.5934622763491
20.669151692324
20.744841108299
20.8130927392061
20.8813443701132
20.9495960010203
21.0178476319274
21.0930903238291
21.1683330157308
21.2435757076324
21.3188183995341
21.3849789268791
21.451139454224
21.517299981569
21.583460508914
21.657644928602
21.7318293482899
21.8060137679779
21.8801981876659
21.9510061907081
22.0218141937503
22.0926221967925
22.1634301998347
22.2406329663693
22.3178357329038
22.3950384994384
22.4722412659729
22.5363109011932
22.6003805364136
22.6644501716339
22.7285198068542
22.7606755694264
22.7928313319985
22.8249870945707
22.8571428571429
