0
0.213190492398913
0.426380984797825
0.639571477196738
0.85276196959565
0.928175080007032
1.00358819041841
1.0790013008298
1.15441441124118
1.22982752165256
1.30524063206394
1.38065374247532
1.4560668528867
1.5321832968665
1.6082997408463
1.6844161848261
1.76053262880589
1.84107995363475
1.92162727846361
2.00217460329247
2.08272192812133
2.15292192390195
2.22312191968256
2.29332191546317
2.36352191124379
2.42297277110372
2.48242363096366
2.5418744908236
2.60132535068353
2.66825374797813
2.73518214527273
2.80211054256732
2.86903893986192
2.97568551943185
3.08233209900178
3.18897867857172
3.29562525814165
3.42860393716446
3.56158261618728
3.69456129521009
3.8275399742329
3.90268095772046
3.97782194120801
4.05296292469557
4.12810390818312
4.18799155329549
4.24787919840786
4.30776684352023
4.3676544886326
4.42754213374497
4.48742977885734
4.54731742396971
4.60720506908208
4.67133591051148
4.73546675194087
4.79959759337026
4.86372843479965
4.94819991178271
5.03267138876577
5.11714286574883
5.20161434273189
5.32557261895328
5.44953089517468
5.57348917139607
5.69744744761746
5.7828501873241
5.86825292703073
5.95365566673736
6.03905840644399
6.12446114615062
6.20986388585725
6.29526662556389
6.38066936527052
6.46104572152732
6.54142207778412
6.62179843404093
6.70217479029773
6.77105553198243
6.83993627366713
6.90881701535183
6.97769775703654
7.0407557752127
7.10381379338887
7.16687181156504
7.22992982974121
7.30809360789433
7.38625738604745
7.46442116420058
7.5425849423537
7.64716977401511
7.75175460567651
7.85633943733791
7.96092426899931
8.0262889328222
8.09165359664508
8.15701826046797
8.22238292429086
8.28774758811375
8.35311225193663
8.41847691575952
8.48384157958241
8.53672749469235
8.58961340980229
8.64249932491223
8.69538524002217
8.7529932357513
8.81060123148044
8.86820922720958
8.92581722293872
9.00389090431413
9.08196458568953
9.16003826706494
9.23811194844035
9.34964236941229
9.46117279038423
9.57270321135617
9.68423363232811
9.82479566285268
9.96535769337724
10.1059197239018
10.2464817544264
10.3867187214009
10.5269556883754
10.6671926553499
10.8074296223244
10.971942285609
11.1364549488937
11.3009676121783
11.465480275463
11.6105947634187
11.7557092513744
11.9008237393301
12.0459382272858
12.1566155930943
12.2672929589027
12.3779703247112
12.4886476905197
12.5993250563282
12.7100024221366
12.8206797879451
12.9313571537536
13.0057678898568
13.08017862596
13.1545893620632
13.2290000981664
13.3034108342696
13.3778215703728
13.452232306476
13.5266430425793
13.5905794586923
13.6545158748054
13.7184522909184
13.7823887070315
13.838664837382
13.8949409677324
13.9512170980829
14.0074932284334
14.0683752720936
14.1292573157538
14.190139359414
14.2510214030742
14.3373458150554
14.4236702270366
14.5099946390178
14.5963190509991
14.7356829230308
14.8750467950626
15.0144106670944
15.1537745391262
15.3282465873989
15.5027186356716
15.6771906839444
15.8516627322171
16.061180685812
16.2706986394069
16.4802165930018
16.6897345465967
16.7895985430123
16.8894625394279
16.9893265358435
17.0891905322591
17.1623503946386
17.2355102570181
17.3086701193976
17.3818299817771
17.4549898441566
17.5281497065361
17.6013095689157
17.6744694312952
17.74117097283
17.8078725143649
17.8745740558998
17.9412755974347
18.0296334547521
18.1179913120695
18.206349169387
18.2947070267044
18.41447078338
18.5342345400556
18.6539982967312
18.7737620534068
18.8870563841422
19.0003507148776
19.1136450456129
19.2269393763483
19.3432035068122
19.4594676372761
19.57573176774
19.6919958982038
19.8223349029327
19.9526739076616
20.0830129123905
20.2133519171193
20.3566225316057
20.4998931460921
20.6431637605785
20.7864343750649
20.8520459032312
20.9176574313976
20.9832689595639
21.0488804877303
21.1144920158967
21.180103544063
21.2457150722294
21.3113266003958
21.3707926193864
21.4302586383771
21.4897246573678
21.5491906763585
21.6200595644068
21.6909284524551
21.7617973405033
21.8326662285516
21.946157958178
22.0596496878045
22.1731414174309
22.2866331470573
22.3995284018422
22.5124236566271
22.625318911412
22.7382141661969
22.8441624598365
22.9501107534761
23.0560590471157
23.1620073407554
23.2572200599689
23.3524327791825
23.447645498396
23.5428582176096
23.6345299232256
23.7262016288416
23.8178733344576
23.9095450400736
24.0389206721908
24.1682963043079
24.2976719364251
24.4270475685422
24.4898745674889
24.5527015664355
24.6155285653821
24.6783555643287
24.7411825632754
24.804009562222
24.8668365611686
24.9296635601152
24.9846597184975
25.0396558768797
25.094652035262
25.1496481936442
25.2082343152745
25.2668204369049
25.3254065585352
25.3839926801656
25.4584556059096
25.5329185316537
25.6073814573978
25.6818443831419
25.7997995704379
25.917754757734
26.03570994503
26.1536651323261
26.2419498643249
26.3302345963237
26.4185193283224
26.5068040603212
26.59508879232
26.6833735243188
26.7716582563176
26.8599429883163
26.9428983354701
27.0258536826238
27.1088090297775
27.1917643769312
27.2705796515523
27.3493949261734
27.4282102007945
27.5070254754157
27.5887428756479
27.6704602758801
27.7521776761124
27.8338950763446
27.9455112030734
28.0571273298022
28.168743456531
28.2803595832598
28.3407977008546
28.4012358184494
28.4616739360442
28.5221120536391
28.5825501712339
28.6429882888287
28.7034264064235
28.7638645240183
28.8163556864071
28.8688468487959
28.9213380111846
28.9738291735734
29.0304846380495
29.0871401025256
29.1437955670017
29.2004510314778
29.2727277343172
29.3450044371565
29.4172811399958
29.4895578428351
29.5979209158686
29.7062839889022
29.8146470619358
29.9230101349694
30.0226958639345
30.1223815928997
30.2220673218649
30.3217530508301
30.4214387797953
30.5211245087605
30.6208102377256
30.7204959666908
30.7929965069337
30.8654970471766
30.9379975874196
31.0104981276625
31.0829986679054
31.1554992081483
31.2279997483912
31.3005002886341
31.3711320180437
31.4417637474533
31.5123954768629
31.5830272062724
31.6656181068954
31.7482090075184
31.8307999081414
31.9133908087645
32.0154890368973
32.1175872650302
32.219685493163
32.3217837212959
32.3903637087889
32.4589436962818
32.5275236837748
32.5961036712678
32.6646836587608
32.7332636462537
32.8018436337467
32.8704236212397
32.9259370229464
32.9814504246531
33.0369638263599
33.0924772280666
33.1556931496603
33.218909071254
33.2821249928477
33.3453409144413
33.4364541827345
33.5275674510276
33.6186807193207
33.7097939876138
33.8439786392162
33.9781632908186
34.112347942421
34.2465325940234
34.3620383380202
34.4775440820169
34.5930498260136
34.7085555700103
34.7938956329237
34.879235695837
34.9645757587504
35.0499158216638
35.1352558845771
35.2205959474905
35.3059360104038
35.3912760733172
35.4718940476297
35.5525120219422
35.6331299962548
35.7137479705673
35.7953945370128
35.8770411034583
35.9586876699037
36.0403342363492
36.1411105664125
36.2418868964759
36.3426632265392
36.4434395566025
36.4969259294116
36.5504123022207
36.6038986750298
36.6573850478389
36.7108714206481
36.7643577934572
36.8178441662663
36.8713305390754
36.9214014038228
36.9714722685702
37.0215431333176
37.071613998065
37.1267702132466
37.1819264284282
37.2370826436097
37.2922388587913
37.3620314540766
37.431824049362
37.5016166446474
37.5714092399327
37.6763884906192
37.7813677413057
37.8863469919922
37.9913262426787
38.0955526131704
38.1997789836622
38.3040053541539
38.4082317246457
38.5124580951374
38.6166844656291
38.7209108361209
38.8251372066126
38.9024366134514
38.9797360202902
39.0570354271289
39.1343348339677
39.2116342408065
39.2889336476453
39.3662330544841
39.4435324613228
39.5192493841463
39.5949663069698
39.6706832297933
39.7464001526168
39.836597775138
39.9267953976591
40.0169930201802
40.1071906427014
40.206374759318
40.3055588759347
40.4047429925513
40.503927109168
40.5626931826937
40.6214592562194
40.6802253297451
40.7389914032709
40.7977574767966
40.8565235503223
40.915289623848
40.9740556973737
41.0273299018644
41.0806041063551
41.1338783108458
41.1871525153365
41.2486918415235
41.3102311677104
41.3717704938973
41.4333098200843
41.5188257120162
41.6043416039481
41.68985749588
41.7753733878119
41.9034247876857
42.0314761875594
42.1595275874332
42.287578987307
42.3776205493392
42.4676621113714
42.5577036734036
42.6477452354358
42.737786797468
42.8278283595002
42.9178699215324
43.0079114835646
43.0894125705696
43.1709136575746
43.2524147445796
43.3339158315846
43.4120416457203
43.4901674598561
43.5682932739918
43.6464190881275
43.7286887283583
43.8109583685892
43.89322800882
43.9754976490508
44.0802976028179
44.1850975565849
44.289897510352
44.394697464119
44.4505268577261
44.5063562513331
44.5621856449402
44.6180150385472
44.6738444321542
44.7296738257613
44.7855032193683
44.8413326129754
44.8923116392125
44.9432906654495
44.9942696916866
45.0452487179237
45.1011375234116
45.1570263288996
45.2129151343875
45.2688039398755
45.3398990490827
45.4109941582899
45.4820892674971
45.5531843767043
45.6604422085024
45.7677000403005
45.8749578720986
45.9822157038966
46.0842182642659
46.1862208246352
46.2882233850045
46.3902259453738
46.4922285057431
46.5942310661124
46.6962336264817
46.798236186851
46.8753046633482
46.9523731398454
47.0294416163427
47.1065100928399
47.1835785693372
47.2606470458344
47.3377155223317
47.4147839988289
47.4891259455193
47.5634678922097
47.6378098389001
47.7121517855905
47.8032400231844
47.8943282607783
47.9854164983723
48.0765047359662
48.1749733851572
48.2734420343482
48.3719106835391
48.4703793327301
48.5300615679404
48.5897438031506
48.6494260383609
48.7091082735712
48.7687905087815
48.8284727439918
48.888154979202
48.9478372144123
49.0014022583767
49.0549673023412
49.1085323463056
49.16209739027
49.2253756109837
49.2886538316974
49.3519320524111
49.4152102731248
49.5048406219983
49.5944709708718
49.6841013197452
49.7737316686187
49.9066712068897
50.0396107451607
50.1725502834317
50.3054898217028
50.3959629493399
50.486436076977
50.5769092046141
50.6673823322512
50.7578554598883
50.8483285875254
50.9388017151625
51.0292748427996
51.1098508483729
51.1904268539462
51.2710028595195
51.3515788650929
51.4286213302519
51.5056637954109
51.5827062605699
51.6597487257289
51.7417215124504
51.8236942991719
51.9056670858934
51.9876398726149
52.0906752705027
52.1937106683904
52.2967460662781
52.3997814641658
52.4558606988081
52.5119399334505
52.5680191680928
52.6240984027351
52.6801776373775
52.7362568720198
52.7923361066621
52.8484153413045
52.8994569102305
52.9504984791565
53.0015400480825
53.0525816170085
53.1086754863233
53.1647693556382
53.220863224953
53.2769570942679
53.3489744124124
53.4209917305569
53.4930090487014
53.565026366846
53.674570665511
53.7841149641761
53.8936592628412
54.0032035615063
54.1075622980232
54.21192103454
54.3162797710569
54.4206385075737
54.5249972440906
54.6293559806074
54.7337147171243
54.8380734536411
54.9169012455608
54.9957290374804
55.0745568294001
55.1533846213197
55.2322124132394
55.311040205159
55.3898679970787
55.4686957889983
55.5439591574892
55.61922252598
55.6944858944709
55.7697492629617
55.8669492430261
55.9641492230906
56.061349203155
56.1585491832194
56.2610209467023
56.3634927101852
56.4659644736682
56.5684362371511
56.6300990003583
56.6917617635655
56.7534245267726
56.8150872899798
56.876750053187
56.9384128163942
57.0000755796014
57.0617383428085
57.1172970680286
57.1728557932486
57.2284145184687
57.2839732436887
57.3558668245913
57.4277604054938
57.4996539863964
57.5715475672989
57.6804842118228
57.7894208563466
57.8983575008704
58.0072941453942
58.1107193164122
58.2141444874302
58.3175696584482
58.4209948294662
58.5244200004843
58.6278451715023
58.7312703425203
58.8346955135383
58.9137766745855
58.9928578356328
59.07193899668
59.1510201577272
59.2301013187745
59.3091824798217
59.388263640869
59.4673448019162
59.5428294336137
59.6183140653112
59.6937986970088
59.7692833287063
59.8666951077082
59.9641068867102
60.0615186657121
60.158930444714
60.2615555845162
60.3641807243184
60.4668058641206
60.5694310039227
60.6311500671284
60.6928691303342
60.7545881935399
60.8163072567456
60.8780263199513
60.939745383157
61.0014644463627
61.0631835095684
61.1188065061366
61.1744295027047
61.2300524992728
61.2856754958409
61.3577029218067
61.4297303477724
61.5017577737381
61.5737851997039
61.682971509194
61.7921578186841
61.9013441281742
62.0105304376644
62.1133786978354
62.2162269580065
62.3190752181776
62.4219234783487
62.5247717385197
62.6276199986908
62.7304682588619
62.833316519033
62.9126127792166
62.9919090394002
63.0712052995839
63.1505015597675
63.2297978199512
63.3090940801348
63.3883903403184
63.4676866005021
63.5431868951418
63.6186871897815
63.6941874844212
63.7696877790609
63.8679802561982
63.9662727333355
64.0645652104728
64.1628576876101
64.2657114783733
64.3685652691366
64.4714190598998
64.574272850663
64.6358463497084
64.6974198487537
64.758993347799
64.8205668468443
64.8821403458897
64.943713844935
65.0052873439803
65.0668608430256
65.1226773494831
65.1784938559405
65.2343103623979
65.2901268688554
65.3630656999539
65.4360045310524
65.5089433621509
65.5818821932494
65.6928866772561
65.8038911612627
65.9148956452694
66.025900129276
66.1284077889285
66.2309154485811
66.3334231082336
66.4359307678861
66.5384384275387
66.6409460871912
66.7434537468437
66.8459614064962
66.926143956208
67.0063265059198
67.0865090556316
67.1666916053433
67.2468741550551
67.3270567047668
67.4072392544786
67.4874218041904
67.5631622858311
67.6389027674718
67.7146432491124
67.7903837307531
67.8932510521941
67.996118373635
68.098985695076
68.201853016517
68.2804030168922
68.3589530172675
68.4375030176427
68.516053018018
68.5740157217017
68.6319784253854
68.6899411290691
68.7479038327529
68.8058665364366
68.8638292401203
68.921791943804
68.9797546474877
69.033321659242
69.0868886709963
69.1404556827506
69.1940226945049
69.2583644126374
69.3227061307699
69.3870478489024
69.4513895670349
69.5433086439035
69.6352277207721
69.7271467976408
69.8190658745094
69.9569862669671
70.0949066594249
70.2328270518826
70.3707474443403
70.4538142864054
70.5368811284705
70.6199479705355
70.7030148126006
70.7860816546657
70.8691484967308
70.9522153387958
71.0352821808609
71.1141949026825
71.193107624504
71.2720203463256
71.3509330681472
71.4271441633926
71.5033552586381
71.5795663538836
71.655777449129
71.7379386293365
71.820099809544
71.9022609897515
71.984422169959
72.0883339341943
72.1922456984296
72.2961574626649
72.4000692269002
72.4556332091206
72.5111971913409
72.5667611735612
72.6223251557816
72.6778891380019
72.7334531202223
72.7890171024426
72.844581084663
72.8954135098016
72.9462459349402
72.9970783600787
73.0479107852173
73.1036992558723
73.1594877265272
73.2152761971821
73.271064667837
73.3421166119077
73.4131685559784
73.4842205000491
73.5552724441198
73.6626109105089
73.769949376898
73.8772878432871
73.9846263096762
74.0880556423455
74.1914849750147
74.294914307684
74.3983436403533
74.5017729730226
74.6052023056918
74.7086316383611
74.8120609710304
74.8892356888513
74.9664104066723
75.0435851244932
75.1207598423142
75.1979345601351
75.2751092779561
75.352283995777
75.429458713598
75.5040792043564
75.5786996951149
75.6533201858734
75.7279406766319
75.8194084892882
75.9108763019444
76.0023441146006
76.0938119272568
76.1929843346781
76.2921567420995
76.3913291495208
76.4905015569421
76.5506151476076
76.6107287382731
76.6708423289386
76.730955919604
76.7910695102695
76.851183100935
76.9112966916005
76.971410282266
77.0252215786296
77.0790328749933
77.1328441713569
77.1866554677206
77.2507194785211
77.3147834893217
77.3788475001222
77.4429115109227
77.5343829107661
77.6258543106094
77.7173257104527
77.8087971102961
77.9456003596629
78.0824036090298
78.2192068583967
78.3560101077636
78.4394133601495
78.5228166125354
78.6062198649213
78.6896231173071
78.773026369693
78.8564296220789
78.9398328744648
79.0232361268507
79.1025341736781
79.1818322205055
79.2611302673328
79.3404283141602
79.4168644021886
79.493300490217
79.5697365782454
79.6461726662738
79.7274199677551
79.8086672692365
79.8899145707178
79.9711618721991
80.0758169516966
80.180472031194
80.2851271106914
80.3897821901889
80.442078098291
80.4943740063931
80.5466699144952
80.5989658225973
80.6512617306994
80.7035576388015
80.7558535469036
80.8081494550057
80.8572822792866
80.9064151035676
80.9555479278486
81.0046807521296
81.0587551509093
81.112829549689
81.1669039484687
81.2209783472484
81.2878943197769
81.3548102923054
81.4217262648339
81.4886422373623
81.5862153003774
81.6837883633926
81.7813614264077
81.8789344894228
82.0315512557421
82.1841680220614
82.3367847883808
82.4894015547001
82.5765010105873
82.6636004664745
82.7506999223617
82.8377993782489
82.9248988341362
83.0119982900234
83.0990977459106
83.1861972017978
83.2645289616856
83.3428607215735
83.4211924814613
83.4995242413492
83.574590747237
83.6496572531248
83.7247237590127
83.7997902649005
83.9056582270624
84.0115261892243
84.1173941513862
84.223262113548
84.3002095757143
84.3771570378807
84.454104500047
84.5310519622133
84.5888815349483
84.6467111076832
84.7045406804182
84.7623702531532
84.8201998258882
84.8780293986232
84.9358589713582
84.9936885440932
85.0475267157287
85.1013648873642
85.1552030589998
85.2090412306353
85.2746796550014
85.3403180793675
85.4059565037336
85.4715949280996
85.5664329396623
85.661270951225
85.7561089627877
85.8509469743503
85.9956627628795
86.1403785514087
86.2850943399378
86.429810128467
86.5130867975247
86.5963634665823
86.67964013564
86.7629168046977
86.8461934737553
86.929470142813
87.0127468118707
87.0960234809284
87.1738831134429
87.2517427459575
87.3296023784721
87.4074620109867
87.4826480342509
87.5578340575151
87.6330200807793
87.7082061040435
87.7959832635654
87.8837604230873
87.9715375826092
88.0593147421312
88.1576000222415
88.2558853023519
88.3541705824622
88.4524558625725
88.5088005325461
88.5651452025196
88.6214898724931
88.6778345424666
88.7341792124401
88.7905238824137
88.8468685523872
88.9032132223607
88.9552160443417
89.0072188663227
89.0592216883037
89.1112245102847
89.1700843676927
89.2289442251008
89.2878040825089
89.3466639399169
89.4256699987115
89.504676057506
89.5836821163005
89.6626881750951
89.7818655022154
89.9010428293357
90.020220156456
90.1393974835764
90.2454584924513
90.3515195013263
90.4575805102013
90.5636415190763
90.6697025279512
90.7757635368262
90.8818245457012
90.9878855545761
91.0757609251915
91.1636362958069
91.2515116664223
91.3393870370377
91.4217848766754
91.5041827163131
91.5865805559507
91.6689783955884
91.7509548820932
91.832931368598
91.9149078551028
91.9968843416075
92.0994298089722
92.2019752763369
92.3045207437015
92.4070662110662
92.4636501980999
92.5202341851335
92.5768181721672
92.6334021592008
92.6899861462344
92.7465701332681
92.8031541203017
92.8597381073354
92.9111072097108
92.9624763120863
93.0138454144618
93.0652145168373
93.1217480137425
93.1782815106478
93.2348150075531
93.2913485044583
93.3644433781979
93.4375382519374
93.5106331256769
93.5837279994164
93.6955728009877
93.8074176025589
93.9192624041302
94.0311072057014
94.133203240361
94.2352992750206
94.3373953096801
94.4394913443397
94.5415873789993
94.6436834136589
94.7457794483184
94.847875482978
94.9282354317515
95.0085953805251
95.0889553292986
95.1693152780722
95.2496752268457
95.3300351756192
95.4103951243928
95.4907550731663
95.5664784926229
95.6422019120794
95.7179253315359
95.7936487509925
95.8978908295488
96.0021329081051
96.1063749866615
96.2106170652178
96.2883051840621
96.3659933029064
96.4436814217507
96.5213695405949
96.5792362117833
96.6371028829717
96.69496955416
96.7528362253484
96.8107028965368
96.8685695677251
96.9264362389135
96.9843029101018
97.0379823812697
97.0916618524376
97.1453413236055
97.1990207947734
97.2639471449282
97.328873495083
97.3937998452377
97.4587261953925
97.5519508584591
97.6451755215257
97.7384001845923
97.8316248476589
97.9723650066478
98.1131051656367
98.2538453246256
98.3945854836145
98.4773455082303
98.5601055328461
98.6428655574619
98.7256255820777
98.8083856066935
98.8911456313093
98.9739056559251
99.0566656805409
99.1349590771757
99.2132524738104
99.2915458704452
99.3698392670799
99.4455399363935
99.5212406057071
99.5969412750207
99.6726419443343
99.7563806006433
99.8401192569522
99.9238579132612
100.00759656957
100.109859655817
100.212122742064
100.314385828311
100.416648914558
100.473943593979
100.531238273399
100.588532952819
100.64582763224
100.70312231166
100.76041699108
100.8177116705
100.875006349921
100.926817919501
100.978629489082
101.030441058663
101.082252628243
101.139604043566
101.196955458889
101.254306874212
101.311658289535
101.386951270117
101.462244250699
101.537537231281
101.612830211863
101.729041496634
101.845252781405
101.961464066176
102.077675350947
102.176993880721
102.276312410496
102.375630940271
102.474949470046
102.574267999821
102.673586529596
102.77290505937
102.872223589145
102.969631147455
103.067038705764
103.164446264073
103.261853822383
103.343401502576
103.42494918277
103.506496862964
103.588044543157
103.665584950721
103.743125358284
103.820665765848
103.898206173412
104.009329241858
104.120452310303
104.231575378749
104.342698447195
104.409311442772
104.475924438349
104.542537433926
104.609150429503
104.67576342508
104.742376420657
104.808989416234
104.875602411811
104.930350437581
104.985098463351
105.039846489122
105.094594514892
105.151818625773
105.209042736653
105.266266847534
105.323490958415
105.399379327555
105.475267696694
105.551156065834
105.627044434973
105.743914854442
105.86078527391
105.977655693378
106.094526112846
106.192799592347
106.291073071848
106.389346551349
106.48762003085
106.585893510351
106.684166989852
106.782440469353
106.880713948854
106.975943680243
107.071173411631
107.16640314302
107.261632874408
107.343493306394
107.425353738379
107.507214170364
107.589074602349
107.666866556099
107.744658509849
107.822450463599
107.900242417349
108.010945678936
108.121648940523
108.23235220211
108.343055463697
108.408625945588
108.474196427479
108.53976690937
108.605337391261
108.670907873151
108.736478355042
108.802048836933
108.867619318824
108.921933115099
108.976246911373
109.030560707648
109.084874503922
109.141856095875
109.198837687828
109.255819279782
109.312800871735
109.387829167902
109.46285746407
109.537885760237
109.612914056405
109.728795291694
109.844676526983
109.960557762272
110.076438997561
110.175294960146
110.27415092273
110.373006885314
110.471862847899
110.570718810483
110.669574773068
110.768430735652
110.867286698236
110.964263657335
111.061240616434
111.158217575533
111.255194534632
111.336718116597
111.418241698562
111.499765280527
111.581288862492
111.658794110846
111.7362993592
111.813804607553
111.891309855907
112.00262330009
112.113936744272
112.225250188455
112.336563632637
112.40355129374
112.470538954843
112.537526615946
112.604514277049
112.671501938152
112.738489599255
112.805477260359
112.872464921462
112.927371164466
112.98227740747
113.037183650475
113.092089893479
113.149439939859
113.206789986239
113.264140032618
113.321490078998
113.397738241278
113.473986403559
113.550234565839
113.62648272812
113.743504517454
113.860526306789
113.977548096123
114.094569885457
114.193210357704
114.291850829952
114.390491302199
114.489131774446
114.587772246694
114.686412718941
114.785053191188
114.883693663436
114.978391620205
115.073089576975
115.167787533744
115.262485490514
115.344340750375
115.426196010237
115.508051270099
115.589906529961
115.667685984504
115.745465439047
115.823244893591
115.901024348134
116.011232598438
116.121440848743
116.231649099047
116.341857349351
116.406769584849
116.471681820348
116.536594055847
116.601506291346
116.666418526845
116.731330762343
116.796242997842
116.861155233341
116.915171639457
116.969188045572
117.023204451688
117.077220857803
117.134020614787
117.190820371771
117.247620128755
117.304419885739
117.378910551123
117.453401216507
117.527891881891
117.602382547275
117.717047411321
117.831712275366
117.946377139412
118.061042003458
118.160945084311
118.260848165164
118.360751246018
118.460654326871
118.560557407724
118.660460488577
118.760363569431
118.860266650284
118.95915859718
119.058050544076
119.156942490973
119.255834437869
119.33705799406
119.418281550252
119.499505106443
119.580728662634
119.658101049625
119.735473436616
119.812845823607
119.890218210597
120.00188643346
120.113554656322
120.225222879184
120.336891102046
120.404567795007
120.472244487968
120.539921180929
120.60759787389
120.675274566851
120.742951259813
120.810627952774
120.878304645735
120.933509033877
120.98871342202
121.043917810163
121.099122198306
121.156644123467
121.214166048627
121.271687973788
121.329209898949
121.406048216583
121.482886534217
121.559724851852
121.636563169486
121.754030508857
121.871497848229
121.9889651876
122.106432526971
122.206932882313
122.307433237655
122.407933592997
122.508433948339
122.60893430368
122.709434659022
122.809935014364
122.910435369706
123.002889263833
123.09534315796
123.187797052087
123.280250946215
123.362769762396
123.445288578577
123.527807394758
123.610326210939
123.688981220356
123.767636229774
123.846291239191
123.924946248608
124.033160923217
124.141375597827
124.249590272437
124.357804947046
124.418016291181
124.478227635316
124.53843897945
124.598650323585
124.65886166772
124.719073011854
124.779284355989
124.839495700123
124.891601367742
124.943707035361
124.995812702979
125.047918370598
125.103580469481
125.159242568365
125.214904667248
125.270566766132
125.34151139263
125.412456019128
125.483400645626
125.554345272125
125.661306243542
125.768267214959
125.875228186376
125.982189157793
126.085120518395
126.188051878998
126.2909832396
126.393914600203
126.496845960805
126.599777321408
126.70270868201
126.805640042613
126.882594813475
126.959549584338
127.036504355201
127.113459126064
127.190413896927
127.26736866779
127.344323438652
127.421278209515
127.495784835274
127.570291461033
127.644798086792
127.719304712551
127.810030970076
127.900757227602
127.991483485127
128.082209742652
128.180696208784
128.279182674916
128.377669141048
128.47615560718
128.535601332473
128.595047057766
128.65449278306
128.713938508353
128.773384233646
128.83282995894
128.892275684233
128.951721409526
129.005179746731
129.058638083935
129.11209642114
129.165554758345
129.228323481603
129.291092204862
129.35386092812
129.416629651378
129.505107865485
129.593586079591
129.682064293697
129.770542507804
129.901715338662
130.032888169521
130.16406100038
130.295233831238
130.387314446193
130.479395061148
130.571475676103
130.663556291058
130.755636906013
130.847717520967
130.939798135922
131.031878750877
131.112834323942
131.193789897007
131.274745470072
131.355701043136
131.433051422914
131.510401802691
131.587752182468
131.665102562245
131.747730587907
131.830358613569
131.91298663923
131.995614664892
132.098259829168
132.200904993444
132.303550157721
132.406195321997
132.464090344948
132.521985367898
132.579880390848
132.637775413799
132.695670436749
132.7535654597
132.81146048265
132.8693555056
132.921254546461
132.973153587321
133.025052628182
133.076951669042
133.134156667384
133.191361665725
133.248566664067
133.305771662408
133.380806025567
133.455840388726
133.530874751885
133.605909115044
133.721719353241
133.837529591438
133.953339829635
134.069150067832
134.169408298531
134.26966652923
134.369924759928
134.470182990627
134.570441221326
134.670699452025
134.770957682723
134.871215913422
134.969846006725
135.068476100028
135.167106193331
135.265736286634
135.347180586295
135.428624885955
135.510069185616
135.591513485276
135.669043941779
135.746574398283
135.824104854786
135.901635311289
136.012791130997
136.123946950706
136.235102770414
136.346258590123
136.412896356765
136.479534123406
136.546171890048
136.61280965669
136.679447423332
136.746085189974
136.812722956616
136.879360723257
136.93412330684
136.988885890423
137.043648474005
137.098411057588
137.155626160132
137.212841262677
137.270056365221
137.327271467766
137.403157456329
137.479043444891
137.554929433454
137.630815422017
137.747762140975
137.864708859933
137.981655578891
138.098602297849
138.197324750239
138.296047202629
138.39476965502
138.49349210741
138.5922145598
138.690937012191
138.789659464581
138.888381916972
138.983004224629
139.077626532286
139.172248839943
139.2668711476
139.349022967212
139.431174786823
139.513326606435
139.595478426046
139.673561130227
139.751643834408
139.829726538588
139.907809242769
140.018024758192
140.128240273615
140.238455789038
140.348671304461
140.412970193822
140.477269083184
140.541567972545
140.605866861907
140.670165751268
140.73446464063
140.798763529991
140.863062419353
140.916858569242
140.970654719131
141.024450869019
141.078247018908
141.134916887819
141.191586756731
141.248256625642
141.304926494553
141.378908295761
141.45289009697
141.526871898178
141.600853699387
141.714445251873
141.82803680436
141.941628356847
142.055219909333
142.155166934738
142.255113960143
142.355060985548
142.455008010952
142.554955036357
142.654902061762
142.754849087167
142.854796112571
142.954062046371
143.053327980171
143.15259391397
143.25185984777
143.333041554365
143.41422326096
143.495404967555
143.576586674149
143.653966263947
143.731345853745
143.808725443542
143.88610503334
143.998082659608
144.110060285876
144.222037912144
144.334015538412
144.402098027737
144.470180517062
144.538263006387
144.606345495712
144.674427985036
144.742510474361
144.810592963686
144.878675453011
144.934064300391
144.989453147772
145.044841995152
145.100230842533
145.157885844174
145.215540845815
145.273195847456
145.330850849097
145.408067575974
145.485284302852
145.562501029729
145.639717756606
145.757490636521
145.875263516436
145.993036396351
146.110809276266
146.212071242404
146.313333208543
146.414595174681
146.515857140819
146.617119106958
146.718381073096
146.819643039234
146.920905005373
147.012268152919
147.103631300466
147.194994448012
147.286357595558
147.368930492612
147.451503389666
147.53407628672
147.616649183774
147.695652264495
147.774655345215
147.853658425936
147.932661506657
148.039971307449
148.14728110824
148.254590909032
148.361900709824
148.420062868709
148.478225027595
148.536387186481
148.594549345366
148.652711504252
148.710873663138
148.769035822023
148.827197980909
148.878476804866
148.929755628823
148.98103445278
149.032313276737
149.087496774334
149.142680271931
149.197863769528
149.253047267125
149.322743000632
149.39243873414
149.462134467647
149.531830201154
149.635823400563
149.739816599973
149.843809799382
149.947802998791
150.052229188632
150.156655378472
150.261081568313
150.365507758153
150.469933947994
150.574360137834
150.678786327675
150.783212517516
150.856858210553
150.930503903591
151.004149596629
151.077795289667
151.151440982705
151.225086675743
151.298732368781
151.372378061819
151.445544113335
151.518710164852
151.591876216369
151.665042267885
151.74918491491
151.833327561935
151.917470208959
152.001612855984
152.104167108153
152.206721360323
152.309275612493
152.411829864662
152.469246432638
152.526663000613
152.584079568589
152.641496136565
152.69891270454
152.756329272516
152.813745840492
152.871162408467
152.92301930014
152.974876191813
153.026733083486
153.078589975159
153.136042570061
153.193495164962
153.250947759863
153.308400354765
153.383959808254
153.459519261742
153.535078715231
153.61063816872
153.726869564527
153.843100960334
153.959332356141
154.075563751948
154.175008903626
154.274454055303
154.373899206981
154.473344358658
154.572789510336
154.672234662013
154.771679813691
154.871124965369
154.968673213694
155.066221462019
155.163769710344
155.261317958669
155.342716841158
155.424115723647
155.505514606136
155.586913488625
155.664320920621
155.741728352616
155.819135784611
155.896543216607
156.007590468158
156.118637719709
156.22968497126
156.340732222811
156.407512799342
156.474293375872
156.541073952402
156.607854528933
156.674635105463
156.741415681993
156.808196258524
156.874976835054
156.929780734229
156.984584633404
157.039388532579
157.094192431754
157.15144490174
157.208697371726
157.265949841712
157.323202311698
157.399237041281
157.475271770865
157.551306500448
157.627341230032
157.744177025186
157.861012820341
157.977848615495
158.09468441065
158.193319660232
158.291954909814
158.390590159397
158.489225408979
158.587860658561
158.686495908144
158.785131157726
158.883766407309
158.979041881342
159.074317355376
159.169592829409
159.264868303442
159.346806210964
159.428744118485
159.510682026007
159.592619933528
159.670474369209
159.748328804889
159.82618324057
159.904037676251
159.928028257188
159.952018838125
159.976009419063
160
