0
0.08
0.16
0.24
0.32
0.4
0.48
0.56
0.64
0.71528174303732
0.790563486074639
0.865845229111958
0.941126972149277
1.00678222282353
1.07243747349779
1.13809272417204
1.20374797484629
1.27418939563452
1.34463081642274
1.41507223721096
1.48551365799918
1.55361303568591
1.62171241337263
1.68981179105936
1.75791116874608
1.83298915882028
1.90806714889448
1.98314513896868
2.05822312904288
2.14276180469696
2.22730048035104
2.31183915600512
2.3963778316592
2.49146158533725
2.5865453390153
2.68162909269335
2.77671284637141
2.83848357655218
2.90025430673295
2.96202503691373
3.0237957670945
3.08556649727528
3.14733722745605
3.20910795763682
3.2708786878176
3.32147420086211
3.37206971390663
3.42266522695114
3.47326073999565
3.52841874013751
3.58357674027937
3.63873474042123
3.69389274056309
3.74634817221057
3.79880360385805
3.85125903550553
3.90371446715301
3.97005716701831
4.03639986688362
4.10274256674893
4.16908526661424
4.23742107843446
4.30575689025468
4.3740927020749
4.44242851389512
4.51464981359567
4.58687111329623
4.65909241299678
4.73131371269734
4.78990937537418
4.84850503805101
4.90710070072785
4.96569636340468
5.04213005285723
5.11856374230977
5.19499743176231
5.27143112121486
5.33502926333266
5.39862740545046
5.46222554756827
5.52582368968607
5.58667962326527
5.64753555684446
5.70839149042366
5.76924742400285
5.82690829648002
5.88456916895719
5.94223004143436
5.99989091391153
6.05334174926301
6.10679258461449
6.16024341996596
6.21369425531744
6.27220871961574
6.33072318391405
6.38923764821235
6.44775211251065
6.51970487799289
6.59165764347513
6.66361040895737
6.73556317443961
6.77994959422065
6.82433601400169
6.86872243378272
6.91310885356376
6.9574952733448
7.00188169312583
7.04626811290687
7.09065453268791
7.1489552125264
7.20725589236488
7.26555657220337
7.32385725204186
7.41581637203585
7.50777549202984
7.59973461202383
7.69169373201783
7.77488067326436
7.85806761451088
7.94125455575741
8.02444149700394
8.08562156773329
8.14680163846263
8.20798170919198
8.26916177992132
8.33034185065067
8.39152192138001
8.45270199210936
8.5138820628387
8.58093157970862
8.64798109657854
8.71503061344846
8.78208013031838
8.84816388286471
8.91424763541105
8.98033138795739
9.04641514050373
9.11249889305007
9.17858264559641
9.24466639814274
9.31075015068908
9.37296062946875
9.43517110824843
9.4973815870281
9.55959206580777
9.64088977280752
9.72218747980728
9.80348518680704
9.8847828938068
9.95684544138805
10.0289079889693
10.1009705365505
10.1730330841318
10.2449236264371
10.3168141687424
10.3887047110478
10.4605952533531
10.5257064284188
10.5908176034844
10.6559287785501
10.7210399536158
10.8024693252135
10.8838986968112
10.9653280684089
11.0467574400067
11.1226819159464
11.1986063918862
11.274530867826
11.3504553437658
11.4297525260774
11.509049708389
11.5883468907006
11.6676440730122
11.7522115399058
11.8367790067995
11.9213464736931
12.0059139405868
12.0932658410922
12.1806177415977
12.2679696421032
12.3553215426087
12.4346851476934
12.5140487527781
12.5934123578629
12.6727759629476
12.7468268741956
12.8208777854436
12.8949286966916
12.9689796079397
13.0298190817264
13.0906585555132
13.1514980293
13.2123375030867
13.2694440087422
13.3265505143977
13.3836570200532
13.4407635257086
13.5042338182256
13.5677041107426
13.6311744032596
13.6946446957766
13.7814082389024
13.8681717820281
13.9549353251539
14.0416988682797
14.1288340030805
14.2159691378813
14.3031042726821
14.390239407483
14.483545718823
14.576852030163
14.6701583415031
14.7634646528431
14.8124165550283
14.8613684572134
14.9103203593986
14.9592722615837
15.0082241637688
15.057176065954
15.1061279681391
15.1550798703243
15.2018586938844
15.2486375174446
15.2954163410047
15.3421951645648
15.3892707677102
15.4363463708556
15.483421974001
15.5304975771463
15.5782648513553
15.6260321255643
15.6737993997733
15.7215666739823
15.7816670432028
15.8417674124234
15.9018677816439
15.9619681508644
16.0137025244402
16.0654368980159
16.1171712715917
16.1689056451674
16.2206400187431
16.2723743923189
16.3241087658946
16.3758431394704
16.4200552172034
16.4642672949365
16.5084793726696
16.5526914504027
16.5978839572564
16.6430764641102
16.688268970964
16.7334614778177
16.793128988286
16.8527964987542
16.9124640092225
16.9721315196907
17.0551615849228
17.138191650155
17.2212217153871
17.3042517806192
17.4094803416538
17.5147089026883
17.6199374637229
17.7251660247574
17.7924179791944
17.8596699336313
17.9269218880683
17.9941738425053
18.0614257969422
18.1286777513792
18.1959297058162
18.2631816602532
18.3120563640869
18.3609310679207
18.4098057717545
18.4586804755883
18.5075551794221
18.5564298832558
18.6053045870896
18.6541792909234
18.6997572917596
18.7453352925958
18.790913293432
18.8364912942682
18.8891387169014
18.9417861395347
18.9944335621679
19.0470809848012
19.0868778880011
19.126674791201
19.1664716944009
19.2062685976009
19.2460655008008
19.2858624040007
19.3256593072006
19.3654562104005
19.4013625397453
19.4372688690901
19.4731751984349
19.5090815277797
19.543411505437
19.5777414830944
19.6120714607518
19.6464014384092
19.689269810829
19.7321381832487
19.7750065556684
19.8178749280882
19.8540053607909
19.8901357934937
19.9262662261964
19.9623966588992
19.9985270916019
20.0346575243047
20.0707879570074
20.1069183897102
20.1383961455593
20.1698739014084
20.2013516572574
20.2328294131065
20.2629065457619
20.2929836784172
20.3230608110726
20.3531379437279
20.3954458961999
20.4377538486718
20.4800618011437
20.5223697536157
20.5556662571159
20.5889627606161
20.6222592641162
20.6555557676164
20.6888522711166
20.7221487746168
20.755445278117
20.7887417816172
20.8165788104176
20.8444158392181
20.8722528680185
20.9000898968189
20.9266115103867
20.9531331239544
20.9796547375222
21.0061763510899
21.0450542517828
21.0839321524756
21.1228100531684
21.1616879538613
21.1930292368134
21.2243705197655
21.2557118027176
21.2870530856697
21.3115913222305
21.3361295587913
21.3606677953521
21.3852060319129
21.4097442684737
21.4342825050345
21.4588207415953
21.4833589781561
21.5061711042616
21.528983230367
21.5517953564725
21.5746074825779
21.6031520027748
21.6316965229716
21.6602410431684
21.6887855633653
21.7234756755983
21.7581657878314
21.7928559000645
21.8275460122975
21.8483586815282
21.8691713507589
21.8899840199896
21.9107966892203
21.931609358451
21.9524220276817
21.9732346969124
21.9940473661431
22.0129970563747
22.0319467466062
22.0508964368378
22.0698461270693
22.0907383101276
22.1116304931858
22.132522676244
22.1534148593023
22.1801298869396
22.2068449145769
22.2335599422142
22.2602749698515
22.2977840319296
22.3352930940077
22.3728021560858
22.4103112181639
22.4398683961687
22.4694255741734
22.4989827521782
22.5285399301829
22.5517081640451
22.5748763979072
22.5980446317693
22.6212128656314
22.6443810994936
22.6675493333557
22.6907175672178
22.71388580108
22.7366206445441
22.7593554880082
22.7820903314723
22.8048251749365
22.8360652298016
22.8673052846666
22.8985453395317
22.9297853943968
22.971638764852
23.0134921353072
23.0553455057624
23.0971988762176
23.1316409056502
23.1660829350829
23.2005249645156
23.2349669939482
23.2614341090017
23.2879012240551
23.3143683391085
23.340835454162
23.3673025692154
23.3937696842688
23.4202367993222
23.4467039143757
23.4732671885863
23.4998304627969
23.5263937370075
23.5529570112181
23.5895030545563
23.6260490978946
23.6625951412328
23.699141184571
23.7512983978479
23.8034556111248
23.8556128244018
23.9077700376787
23.9636808525782
24.0195916674778
24.0755024823774
24.131413297277
24.1650986124488
24.1987839276207
24.2324692427926
24.2661545579644
24.2998398731363
24.3335251883082
24.36721050348
24.4008958186519
24.4330096073659
24.4651233960799
24.4972371847939
24.5293509735079
24.5694033142041
24.6094556549004
24.6495079955966
24.6895603362929
24.7459626666393
24.8023649969857
24.8587673273321
24.9151696576785
24.9501736607312
24.985177663784
25.0201816668368
25.0551856698895
25.0901896729423
25.1251936759951
25.1601976790479
25.1952016821006
25.2341968318822
25.2731919816638
25.3121871314454
25.351182281227
25.3901774310086
25.4291725807902
25.4681677305717
25.5071628803533
25.5411168525057
25.5750708246581
25.6090247968105
25.6429787689629
25.6766976983206
25.7104166276783
25.7441355570361
25.7778544863938
25.8229264188751
25.8679983513563
25.9130702838376
25.9581422163189
25.9906376421403
26.0231330679618
26.0556284937832
26.0881239196046
26.1206193454261
26.1531147712475
26.1856101970689
26.2181056228904
26.2452580167081
26.2724104105258
26.2995628043435
26.3267151981612
26.3538718826367
26.3810285671123
26.4081852515878
26.4353419360634
26.4785525016861
26.5217630673087
26.5649736329314
26.608184198554
26.6390781459128
26.6699720932715
26.7008660406303
26.7317599879891
26.7560331580842
26.7803063281794
26.8045794982745
26.8288526683696
26.8531258384648
26.8773990085599
26.9016721786551
26.9259453487502
26.9490365923214
26.9721278358925
26.9952190794637
27.0183103230349
27.0483295925839
27.0783488621329
27.108368131682
27.138387401231
27.1783783267303
27.2183692522295
27.2583601777288
27.2983511032281
27.323433900716
27.3485166982039
27.3735994956918
27.3986822931797
27.4237650906676
27.4488478881555
27.4739306856434
27.4990134831313
27.5202469531545
27.5414804231776
27.5627138932008
27.583947363224
27.6071269674037
27.6303065715834
27.6534861757632
27.6766657799429
27.7069054881221
27.7371451963013
27.7673849044804
27.7976246126596
27.841303837953
27.8849830632465
27.9286622885399
27.9723415138334
28.0068109313167
28.0412803488001
28.0757497662834
28.1102191837668
28.1360597681834
28.1619003526
28.1877409370165
28.2135815214331
28.2394221058497
28.2652626902663
28.2911032746829
28.3169438590995
28.3421155331961
28.3672872072927
28.3924588813893
28.4176305554858
28.4494904615688
28.4813503676517
28.5132102737346
28.5450701798175
28.5975680520682
28.6500659243188
28.7025637965695
28.7550616688202
28.8079883946547
28.8609151204891
28.9138418463236
28.966768572158
29.000105185064
29.0334417979699
29.0667784108758
29.1001150237817
29.1334516366876
29.1667882495936
29.2001248624995
29.2334614754054
29.2629072220218
29.2923529686381
29.3217987152545
29.3512444618709
29.3861256025947
29.4210067433184
29.4558878840422
29.4907690247659
29.5402591062286
29.5897491876913
29.639239269154
29.6887293506167
29.7523478129481
29.8159662752795
29.8795847376109
29.9432031999423
29.9703929122809
29.9975826246195
30.0247723369582
30.0519620492968
30.0791517616354
30.106341473974
30.1335311863127
30.1607208986513
30.1874140224982
30.2141071463451
30.2408002701921
30.267493394039
30.2971269968748
30.3267605997106
30.3563942025464
30.3860278053821
30.4248747798421
30.4637217543021
30.5025687287621
30.5414157032222
30.5873849041835
30.6333541051448
30.6793233061061
30.7252925070674
30.7489369060173
30.7725813049672
30.7962257039172
30.8198701028671
30.843514501817
30.8671589007669
30.8908032997169
30.9144476986668
30.9374065887223
30.9603654787779
30.9833243688334
31.006283258889
31.0318451685005
31.057407078112
31.0829689877234
31.1085308973349
31.1419440418411
31.1753571863472
31.2087703308534
31.2421834753595
31.2843271183766
31.3264707613936
31.3686144044106
31.4107580474277
31.4342079465551
31.4576578456825
31.48110774481
31.5045576439374
31.5280075430648
31.5514574421922
31.5749073413196
31.5983572404471
31.6196455413124
31.6409338421778
31.6622221430432
31.6835104439085
31.7070626922923
31.730614940676
31.7541671890598
31.7777194374435
31.8075924208081
31.8374654041726
31.8673383875371
31.8972113709017
31.9229085281763
31.9486056854508
31.9743028427254
32
