0
0.0284096215818503
0.0568192431637006
0.0852288647455509
0.113638486327401
0.142048107909252
0.170457729491102
0.198867351072952
0.227276972654802
0.253373477047875
0.279469981440947
0.305566485834019
0.331662990227091
0.360349923481488
0.389036856735885
0.417723789990282
0.446410723244679
0.47142261389493
0.496434504545181
0.521446395195433
0.546458285845684
0.575149129289485
0.603839972733286
0.632530816177087
0.661221659620888
0.690140320879122
0.719058982137357
0.747977643395591
0.776896304653825
0.801782095943012
0.826667887232199
0.851553678521385
0.876439469810572
0.900456429482794
0.924473389155017
0.94849034882724
0.972507308499463
0.996676659221603
1.02084600994374
1.04501536066588
1.06918471138802
1.09385185409873
1.11851899680944
1.14318613952015
1.16785328223085
1.19272737875537
1.21760147527988
1.2424755718044
1.26734966832891
1.29251219566733
1.31767472300574
1.34283725034416
1.36799977768257
1.39300642279321
1.41801306790385
1.4430197130145
1.46802635812514
1.49311958717228
1.51821281621943
1.54330604526658
1.56839927431372
1.59333049801206
1.61826172171041
1.64319294540875
1.66812416910709
1.69317490336768
1.71822563762827
1.74327637188886
1.76832710614945
1.79325924236892
1.81819137858838
1.84312351480785
1.86805565102731
1.89311567150815
1.91817569198898
1.94323571246982
1.96829573295065
1.99323843033175
2.01818112771284
2.04312382509394
2.06806652247504
2.09312633898974
2.11818615550444
2.14324597201914
2.16830578853384
2.19325007493672
2.2181943613396
2.24313864774248
2.26808293414535
2.2931387925332
2.31819465092105
2.3432505093089
2.36830636769675
2.39325231343305
2.41819825916936
2.44314420490566
2.46809015064197
2.49314359718953
2.5181970437371
2.54325049028467
2.56830393683224
2.59325229993816
2.61820066304409
2.64314902615002
2.66809738925594
2.6931487221721
2.71820005508825
2.7432513880044
2.76830272092056
2.793253278317
2.81820383571345
2.8431543931099
2.86810495050634
2.89315410134253
2.91820325217872
2.94325240301491
2.9683015538511
2.99325414621982
3.01820673858854
3.04315933095726
3.06811192332597
3.09315898852901
3.11820605373205
3.1432531189351
3.16830018413814
3.19325474556385
3.21820930698956
3.24316386841528
3.26811842984099
3.29316351602481
3.31820860220863
3.34325368839245
3.36829877457627
3.39325522502724
3.4182116754782
3.44316812592916
3.46812457638012
3.49316776794937
3.51821095951862
3.54325415108786
3.56829734265711
3.59325559883302
3.61821385500892
3.64317211118483
3.66813036736073
3.69317174605571
3.71821312475069
3.74325450344567
3.76829588214065
3.79325586658976
3.81821585103888
3.843175835488
3.86813581993712
3.89317546568277
3.91821511142843
3.94325475717408
3.96829440291974
3.9762208021898
3.98414720145987
3.99207360072993
4
