0,0
7.78114784488887e-05,-1.7128115668107e-05
0.000299625461192316,-6.48952243734147e-05
0.000641968854196019,-0.000117522236498681
0.00107331200991987,-0.000122092419535036
0.00141708930588473,-5.78578653855057e-05
0.00177545202577074,7.92501109821306e-05
0.00213501894699534,0.000274666533988538
0.00248058399049031,0.000479639213390329
0.00279488753042735,0.000615536864634226
0.00305375672931811,0.000565442381380378
0.00322984386492791,0.000239258725270857
0.00329526363727252,-0.000397478747967762
0.00324666914170015,-0.00114125676403802
0.00309462336267416,-0.00198487391262123
0.00283807371033583,-0.00282028324664514
0.00248490373053165,-0.00354322691564305
0.00200871862173484,-0.00409902912267374
0.0014631728921743,-0.00438667198765069
0.000875264272264915,-0.0044411432255372
0.000269795215718348,-0.00434642021189589
-0.000272448870541027,-0.00422501412556751
-0.00080319234399466,-0.00413224240052008
-0.00131530443636153,-0.00409946054173217
-0.00180288360232519,-0.00412114428586912
-0.00234194943491325,-0.0041616512534085
-0.00282257790855382,-0.00407466089133948
-0.00322156269130386,-0.00370324488706534
-0.00350877674596694,-0.00291850624933982
-0.00362557912452879,-0.00207540868100001
-0.00365823722229502,-0.00102923752275735
-0.00359921715488959,0.000151735637536646
-0.00344657072781192,0.00137394106304655
-0.00320373466669472,0.00252634438977177
-0.00288025527902689,0.00351060103543399
-0.00248974056234682,0.00426399835847711
-0.0020487352499904,0.00476488509659024
-0.00158651991979961,0.0050271787669402
-0.00110773185213241,0.00511345350590888
-0.000624663338464596,0.00508031016601948
-0.000147061823128405,0.0049858004172985
0.000365542680630265,0.00487212891612216
0.000856861540101916,0.00478797547423331
0.00132224780630091,0.0047470381473762
0.00175761749792614,0.00473352321780999
0.002261535423933,0.00469174811279079
0.00269499050069557,0.00448987451983741
0.00303767617940622,0.00400218969843374
0.00326563481881686,0.00315177889337227
0.00335105896864103,0.00159835378712033
0.00320598005566909,-0.000138887305400993
0.00284192877016945,-0.00165285281612381
0.00230386866398554,-0.00276775929911615
0.00190401189361055,-0.00322855846557346
0.00147647593879516,-0.0034781029459484
0.0010375060503027,-0.00355991735316097
0.000600998055815096,-0.00353078192742728
0.000178019696913955,-0.0034502243298775
-0.000223870382959597,-0.0033599091509046
-0.000598893806114339,-0.00328603080741469
-0.000942727842150993,-0.00323647313274549
-0.0013205818242279,-0.00319617905706917
-0.00163867946867399,-0.00313690448155445
-0.0018897468930007,-0.00301181123179092
-0.00206625471821916,-0.00278340716977309
-0.00217317925263287,-0.0022900284939815
-0.00213053364560924,-0.00166617637211895
-0.0019463578118402,-0.0010395272595619
-0.0016462218211588,-0.000524588257001187
-0.00139843983451941,-0.000289350202296834
-0.00112985744685524,-0.000150624134292768
-0.000854305318674923,-9.46482073258203e-05
-0.000584660015194299,-9.83166680098985e-05
-0.000332386240860209,-0.000133997467480679
-0.000106718445403851,-0.000180782039337133
8.47336610281424e-05,-0.000224142971487326
0.000235968236990735,-0.00025688758302787
0.000374959183922586,-0.000283846659767819
0.000411236904108077,-0.000290423514450048
0.000342481928096632,-0.000278399318064072
0.000173354428163614,-0.000244657424161674
-0.000104084821229948,-0.000180499999097472
-0.000460555130077019,-0.000111325369964784
-0.000871846382070894,-7.5546468508507e-05
-0.00131281519913338,-0.000115865648207306
-0.00165857815275347,-0.000219405823410878
-0.00199632473005833,-0.000369514446226261
-0.0023135301340272,-0.000524990693431208
-0.0025953649494329,-0.000620668677825111
-0.0027832759727722,-0.00060038069269303
-0.00292713571068645,-0.000452963181852933
-0.00301618418201035,-0.000156253113609313
-0.00304049695287764,0.000289716904569098
-0.0029916900128075,0.000861186852133767
-0.00286481970124718,0.00150039922167299
-0.00265968721460308,0.00213963501928144
-0.00238134500915662,0.00271111734869562
-0.00199929256901495,0.0031929226667554
-0.00155748578905915,0.00348388796662163
-0.00107532562462288,0.00359149129237405
-0.000571836293412532,0.00355978365388486
-7.69222427509341e-05,0.00346035416643001
0.000410613126585172,0.00335452813473458
0.000881934334897501,0.00328435020353834
0.00133019881756735,0.00326536096330143
0.00181777200251654,0.00329217828878484
0.00225531937352168,0.00329394706435488
0.00262811194783402,0.00316905120201799
0.00291699019437695,0.00281361271931806
0.00309336719651382,0.00218746998189883
0.00315474500892876,0.00129923658396925
0.00308847542995598,0.000232387280403456
0.00289298665783364,-0.00088103653389439
0.00257762819993074,-0.00187223212889804
0.00216460464843953,-0.00261634626193237
0.00168180422044398,-0.00306494948004419
0.00115960858860537,-0.00324176258487608
0.000705352974473237,-0.00324018417417667
0.000257447988581101,-0.00316507085669329
-0.00017341457089564,-0.00306918161435638
-0.000579256583286586,-0.00298817951511619
-0.00103498718336104,-0.0029325414402792
-0.00143588185256378,-0.00290268755785315
-0.001772975967877,-0.00285183621870432
-0.00203639972393001,-0.00272050101124
-0.00222397770039141,-0.00242876152048713
-0.00230375687333452,-0.00197245411061017
-0.00226914562798776,-0.0013925255937083
-0.00212278479776702,-0.000773522873615516
-0.00193878735286706,-0.000336884405015299
-0.00170475674162041,1.43049082414399e-05
-0.00143341582975719,0.000258600499361529
-0.00113881899224863,0.000395327097949143
-0.000835445616056535,0.000441890582543231
-0.000536046658236337,0.00042696686723289
-0.000251715194543177,0.000378861496062081
8.27874765101642e-06,0.000321211731496868
0.000247486929350668,0.000268788515855818
0.000444654800587204,0.000230599412314382
0.000594378629466033,0.0002062445550437
0.000692675741663281,0.000191176309058342
0.000738312768791093,0.000172605337580881
0.000661671530205968,0.000164920421276858
0.00047118867680008,0.000180550682402786
0.000184852199364843,0.000230150927734622
-0.000142783730772945,0.000305375578183972
-0.000506023810932737,0.000371637921663022
-0.000881581370148862,0.000394712447362681
-0.00124722617635404,0.000355382100194869
-0.00158260072651793,0.000256987498444319
-0.00186585077189304,0.000159337417338311
-0.00207463647829596,0.000132080440099211
-0.0021863952108869,0.000235824754975307
-0.00217480466209609,0.000528415572286002
-0.00201462518485734,0.000919570159096616
-0.00170937040376157,0.0012899318704975
-0.00128080511019685,0.00153647949754735
-0.000868577986599998,0.00159639073194936
-0.00042304413819336,0.00155491709408939
3.4184741587271e-05,0.00146005793439022
0.000484107360235841,0.00136574979710968
0.000877448607447076,0.0013203480129954
0.00124184677615307,0.00131992258624488
0.00156809892047919,0.00134724877385788
0.00184681349096553,0.00136461969043928
0.00211920829341504,0.0012934691309025
0.00227306689728376,0.00103917414305751
0.00228894990819375,0.000587870526938705
0.00215804798183055,1.60338083919163e-05
0.00192598238017275,-0.000468670976511285
0.00160205380239245,-0.000840932324673383
0.00121019306113353,-0.00105193943355738
0.000778471667578026,-0.00110523618072686
0.000323265272221348,-0.00104745361388145
-0.000117305879450555,-0.000951347964771707
-0.000522292895796116,-0.000872598379265944
-0.000875155043716839,-0.000833141312969975
-0.00115994529843879,-0.00082324083807146
-0.00136976573201418,-0.000804484645752129
-0.00149487215284938,-0.000745157402136998
-0.00152826276745786,-0.000632052420709487
-0.00148068089988337,-0.000497643171994446
-0.00136450214897755,-0.00035690085085003
-0.00118589941686178,-0.000237753356159889
-0.000954867219737851,-0.000162854076140928
-0.000684650764252391,-0.000145404071585409
-0.00039007286806473,-0.000176291004425016
-8.57698503561549e-05,-0.000237111406576303
0.000214409735158501,-0.000304620643276606
0.000518880599074695,-0.000358403535232704
0.000790593370531155,-0.0003822487894351
0.0010176473516295,-0.000379535471213705
0.00118953196419535,-0.000366323408939795
0.00131634003733693,-0.000371660484788135
0.00131567467884664,-0.000421736414265855
0.00118147957154497,-0.000502965194641665
0.000920653749830452,-0.000567701151581492
0.000575185194237767,-0.000559254071276472
0.00016269467625932,-0.000488885038046391
-0.000286994997978867,-0.000392948400017798
-0.00074470179114368,-0.000324702972786023
-0.00121803027594311,-0.000340826694488605
-0.00164069895928211,-0.000422631881617179
-0.00198274165856145,-0.000488888324053281
-0.00221209954435744,-0.000423498854172333
-0.00229461226693382,-0.000166862013683426
-0.00224387672882961,0.000244062255834219
-0.00205365725018571,0.000723158570876829
-0.00173349039192127,0.00115548665431893
-0.00134066121670542,0.00140879212831697
-0.000886495309778706,0.0014978629599476
-0.000401389908759576,0.00145570045114612
8.62027144134072e-05,0.00134911870995208
0.000471607583412828,0.00127057983917125
0.000832218361660211,0.00122503576159347
0.00115925765264315,0.00121589561744185
0.00144476408919522,0.00122651326254916
0.00173651868395998,0.00121909647622657
0.00193117165257829,0.00111644678163071
0.00201348957132616,0.000879296704472185
0.00197376880764216,0.00052624448280871
0.00180816747772987,0.000125869615368906
0.00153092230933073,-0.000212696019424779
0.00116681321016428,-0.000417955564822983
0.000748144373017503,-0.000474549460116457
0.000363388201045698,-0.000430471614916072
-1.41308330218934e-05,-0.00035069079469941
-0.000366170396177504,-0.000276494129815026
-0.000677648217678919,-0.000230391242874882
-0.000949881515300384,-0.000215137227126608
-0.00115040776725326,-0.000208858966853922
-0.00126886897548594,-0.000186287979459278
-0.00129790815853165,-0.000133385349011269
-0.00124888663427497,-6.49376310870866e-05
-0.0011332901699346,5.56979208314145e-06
-0.000956334592303034,5.82336340706718e-05
-0.000726711505848259,7.69309214370432e-05
-0.000456145790655362,5.30509819755479e-05
-0.000158009516341114,-2.75596742553855e-06
0.000154328837457693,-7.21076705625539e-05
0.000468035114284692,-0.00013291698955592
0.000817742724023244,-0.000165413777315133
0.00113728437475668,-0.000151591798990456
0.00141153585952034,-0.000107367715000973
0.00162600640595676,-6.88103311641615e-05
0.0017880995971955,-9.7709892888211e-05
0.00181289236163407,-0.000245726606521959
0.00168747518918825,-0.000488073633009753
0.00141532809216707,-0.000736539321461906
0.00107370265000959,-0.00086432571776216
0.000663063283926008,-0.000884070505505871
0.000212452143231973,-0.000815718287408932
-0.000249348669649996,-0.000711956911638987
-0.000692486839685344,-0.000641012900159333
-0.00110091461400426,-0.00062866171695966
-0.00145645161928175,-0.000662017668196472
-0.00174170741131357,-0.000689886395394838
-0.00195397254128851,-0.000627413714836963
-0.00203656532386005,-0.000413381927091914
-0.00197419952245079,-6.03972271396765e-05
-0.00176557951635408,0.000342235749000382
-0.00148137430762807,0.000621612359700278
-0.00112238575254838,0.000784178662271568
-0.000714270319398,0.000819923854074266
-0.000284185252683128,0.000760119781647979
0.000135013537942607,0.00066705665800625
0.00053039112207082,0.000591015239335183
0.000885431539025124,0.000556747382649775
0.00118622030388336,0.000557665693406408
0.00143419817998004,0.000562039549615419
0.00159190327275611,0.00051992925151364
0.00164779055221709,0.000403747590255441
0.00159549819419183,0.000223363639273787
0.00141754014437341,7.84782545575679e-06
0.00112983912650566,-0.000150533841571437
0.000758920350936384,-0.000205487238141937
0.000338050487990738,-0.000160959504308176
-1.15503592215537e-05,-8.54575881027254e-05
-0.000353203858764875,-1.30151633338729e-05
-0.000672374897070422,3.20858060098443e-05
-0.00095642117294048,4.27227073439406e-05
-0.00122783895801708,2.44410788311815e-05
-0.00142079334752168,1.58891935872457e-05
-0.00152122884883019,5.26729813991626e-05
-0.00151885380026427,0.000147017023431964
-0.00144138298244264,0.000252220965374712
-0.00129916247264093,0.000357834452349875
-0.00109759407171466,0.000439130918783885
-0.000845485980437704,0.000477576062427881
-0.000554538944267363,0.000464326415049937
-0.000237792324324911,0.000411287495505038
9.19125387497803e-05,0.000338691988843756
0.00042244041574186,0.000270771659017394
0.00077735824392747,0.00022878092539779
0.00110675553925002,0.000231210160104029
0.00139852227591075,0.000267392722775555
0.00164095409043432,0.000306861864966548
0.00185780374816134,0.00029616907292732
0.00195560449769409,0.000158922985358518
0.00191765409216858,-0.000110464978828019
0.0017389821108042,-0.000444936925683197
0.0014684455366858,-0.0007017218642643
0.00111378826033505,-0.000855271592733358
0.000700642161045059,-0.000886540994196441
0.00025727913997921,-0.000821894249401261
-0.000217676777546151,-0.000715777764416597
-0.000667813604618132,-0.000639618383137701
-0.00107037276687831,-0.000622701460954513
-0.00140589181913323,-0.000644051232261694
-0.00165464181858213,-0.000645404265165138
-0.00180308599245887,-0.000563994113206243
-0.001837221849555,-0.000373891482174415
-0.0017500109086013,-0.000102914499601935
-0.00154522289166292,0.000173725210454085
-0.00123993353335244,0.000376148579268527
-0.000859728326774657,0.000460261946278384
-0.000435602142254351,0.000432128197906865
-4.30572984915457e-05,0.000351480431123746
0.00033754758850964,0.000269396196458758
0.000688588599926666,0.000218366005944553
0.000995151667436187,0.000206034826597432
0.00125866493049368,0.000218352070402493
0.0014428137836719,0.000213953608461007
0.00153530073515254,0.000160168354240858
0.00152755883713434,4.9174024599218e-05
0.00144373431193411,-7.15021874497095e-05
0.00129291476391032,-0.000188678830656102
0.0010817802413998,-0.000275717194397329
0.000820595942667884,-0.000314307815399151
0.000522584755318365,-0.000297799515597343
0.00020201440052094,-0.000241736394151084
-0.000127312758408073,-0.000168877025189999
-0.000452552955144635,-0.000104017564253694
-0.000787773743972106,-6.78219778053757e-05
-0.00109193365892616,-7.1080719882938e-05
-0.00135322042408263,-0.000100261220515262
-0.00156041704890209,-0.000126393350363073
-0.00173387256310919,-9.37749844707751e-05
-0.00177016905276084,5.11806668386031e-05
-0.00165737796410079,0.000287763081693485
-0.00139943856115673,0.000532270584819504
-0.00107198307171799,0.000661204714530707
-0.000676549793950091,0.000686002172317417
-0.000241887922966131,0.000623856500264238
0.000203348031021934,0.000523832268569666
0.000634791122741606,0.000450291114349434
0.00102940195022934,0.000431251639532986
0.0013683214100847,0.000456768588745285
0.00163401126782991,0.000480961282402177
0.00182176159424903,0.00042791434215196
0.00187918887902268,0.000249766634052299
0.00179412110839301,-3.58320118757984e-05
0.0015684935160928,-0.000346406593675911
0.00126941010331841,-0.000544125236919814
0.000900020387527302,-0.000632479307768519
0.00048726003505653,-0.00061444431446239
5.88012164796305e-05,-0.000529299552978617
-0.00036158906370979,-0.000438618731524374
-0.000750604911679829,-0.000384787276033913
-0.00109031399571582,-0.000378157431851982
-0.00136506828482512,-0.000394962796386878
-0.00157271970793907,-0.00038545204473787
-0.00167109234216358,-0.000299541767262472
-0.00164884061715258,-0.000128164082862898
-0.00150369188079317,8.71491802758811e-05
-0.00125692289848494,0.000262617712519115
-0.000925728442199193,0.000354970399189423
-0.000536402212844141,0.000349576406587873
-0.000118084546092902,0.00027254144055261
0.00031850138784788,0.00017654646809834
0.000727397512220134,0.000118387572931111
0.00108506174798546,0.000115487316947936
0.001370998588549,0.000142017623152832
0.0015686405272942,0.000141829355675626
0.00165592382490808,6.6705860502414e-05
0.00162088271941445,-9.1031054756374e-05
0.00146111852426521,-0.000288346260874462
0.00120110802396905,-0.00044097000839935
0.000857051310548233,-0.000510221006348398
0.000455278360566189,-0.000486057670905507
2.47172325604744e-05,-0.000398764014909451
-0.00042144270799657,-0.000304737094159955
-0.000841356030042537,-0.000258218526589139
-0.00121218207026953,-0.000270929555313255
-0.00151344789910827,-0.000308733088829668
-0.00172987831451023,-0.000305033521123124
-0.00183283470960815,-0.000199564816323377
-0.00180762412311293,1.79241732633379e-05
-0.00164978925579477,0.000294944692288206
-0.00139298479375173,0.000518782964811104
-0.00105000276291533,0.000649926564135146
-0.000646722962008691,0.000668604186778772
-0.000212020938916937,0.000599565585615929
0.000248036888023081,0.000496755021444002
0.000683291607805255,0.000426480467297167
0.001070526923918,0.000414414537373238
0.00138973046362507,0.000438512162536208
0.00162210151527808,0.000441702600628162
0.00175131653223924,0.00036557668619485
0.00176381400848635,0.000189609650864135
0.00165379806857025,-5.37012762699078e-05
0.00143078976119796,-0.000284921803542405
0.00111233726956967,-0.000437686221313915
0.0007243510039199,-0.000479421197048497
0.000297222072814102,-0.000424972063075497
-0.000107662458298774,-0.000335194375855674
-0.000497382337400483,-0.000259316059748816
-0.000853536558489131,-0.00022548334922048
-0.00116033438553018,-0.000231968011131155
-0.00141668056826364,-0.000252489149479572
-0.0015856323174921,-0.000234332032411908
-0.00165362189353968,-0.000144169709670089
-0.00161195814735896,1.5216140459953e-05
-0.00149530853260163,0.000170409399743441
-0.00130929742308211,0.000309502641624554
-0.00106293158528608,0.000402601387951653
-0.000768907885180601,0.000433829154172426
-0.000442746984907545,0.000403667302838419
-0.000100153843178286,0.000336476891866319
0.000244214727877116,0.000260783005649569
0.000577147347198308,0.000202535436179604
0.000902690264894272,0.000180222566010941
0.00119109237748918,0.000192410596178644
0.00143131070568109,0.000218536335184775
0.00161279954327127,0.000227244759725097
0.00174812047041288,0.000149006675940386
0.00173370706507183,-4.05527594535265e-05
0.0015632099448259,-0.000292640659653191
0.00124888046235979,-0.000511776629042757
0.000906340949853555,-0.00059024056152389
0.00051378142456203,-0.000576133122133748
9.69182187269676e-05,-0.000499005698547834
-0.000319795689219813,-0.000406309040644098
-0.000681902766139536,-0.000351948844964899
-0.00101239742822765,-0.000338897611022896
-0.00129906773005703,-0.000357769899352221
-0.00153048708736699,-0.000379780007624842
-0.00172728534853612,-0.000350405543863318
-0.00179737813407631,-0.000211937372673558
-0.0017282126921301,2.86519314501228e-05
-0.0015203291789428,0.000300522276177553
-0.00123341688845333,0.000478740264973777
-0.000873258386594914,0.000557039076041407
-0.000466445449400481,0.00053509299441273
-4.07727552653343e-05,0.000449269823477064
0.000409340317308361,0.000354131932041783
0.000823956723023735,0.000304846706864063
0.00118026781145294,0.000309665672719698
0.00145827616369288,0.000332295523746556
0.00164281587896343,0.000307279663552144
0.00170830101615243,0.000191932903559212
0.00164419251823133,-8.68886031644582e-06
0.00145130906707682,-0.000236082748620065
0.0011725130506188,-0.000389929480102735
0.000819393883342859,-0.000451809669924386
0.00041845603076792,-0.00042123340140477
-2.39226650345183e-06,-0.000333451988059576
-0.000444751845747911,-0.000242237005653535
-0.000852578532638194,-0.000199134496178867
-0.00120283124867649,-0.000209800679503763
-0.00147510897422915,-0.00023653264391389
-0.00165440260997733,-0.000213084285879278
-0.00171246539550457,-9.72152326744049e-05
-0.00163850841175842,0.000103651545827786
-0.00143369937804319,0.000327812299047792
-0.00114452658700836,0.000472865371077931
-0.000781675318923954,0.000524070936603864
-0.000372093286866236,0.000484406436041892
5.6121552429188e-05,0.000392233847136969
0.000504431167775797,0.000303717015432808
0.00091715391049626,0.000268106481226225
0.00127132103113214,0.000286239571985824
0.00154628283361617,0.000314499207192825
0.00172696291960186,0.000280163096339788
0.00178256004225459,0.000140118877744248
0.00170176194082736,-9.36356288586608e-05
0.00148614241847966,-0.000350675731931722
0.00119078988095778,-0.000515024430563686
0.000823370692368309,-0.000578907527950386
0.00041092305465442,-0.000545933751459357
-1.85902586831289e-05,-0.000455386754983152
-0.000470966247826634,-0.000363491109183694
-0.000886017540168837,-0.000322202396859603
-0.00124086780758913,-0.000334258266910929
-0.00151519642481869,-0.000357674240156783
-0.00169387237959592,-0.000321658649119267
-0.00174853140590604,-0.000185686802144503
-0.00166876098404107,3.83692618189045e-05
-0.00145667607885344,0.000283063678828251
-0.00116400253281503,0.000438980935981365
-0.000799964047159474,0.000496845261458247
-0.000391690462781559,0.000461044877432319
3.28031933956091e-05,0.000370658090474435
0.000479250323646207,0.000280944421280618
0.000887073220807123,0.000241734024248698
0.00123315136137873,0.000254232871954622
0.00149700289534213,0.000276491624651945
0.00166349969155594,0.000239127451473401
0.00170381995380609,0.000106913894052879
0.00160863873770045,-0.000103905036231981
0.00138165447850291,-0.000324942333079325
0.00107540588290062,-0.00045371627686178
0.00070007378563932,-0.000485362550714004
0.000283750252950326,-0.000431515857471629
-0.000145092937627559,-0.000335937712236077
-0.00059059449550195,-0.000256110225942451
-0.000993526968627341,-0.000232864513648625
-0.00133057527120924,-0.000256395982010388
-0.0015806465027969,-0.000275707519090302
-0.00172831831234102,-0.000213609618706808
-0.0017393308823852,-4.55845380839832e-05
-0.00160583136234835,0.000195104617227432
-0.00133549259946693,0.000425102825112264
-0.000995389942628504,0.00053650599523643
-0.000592789843625679,0.000543248263019166
-0.000157816944379161,0.000471126974131417
0.000280281815157723,0.000372726450059942
0.000669536142521611,0.00031217676072491
0.00102148561902886,0.000298199953913812
0.0013206650225968,0.000318751015576388
0.00155275684123008,0.000337176031366445
0.00172279816639315,0.000288685402622621
0.00175911322176917,0.00013197648017547
0.00165181563123526,-0.000110425840901745
0.00140579159439928,-0.000358711514794259
0.00108829416846384,-0.000496001559041626
0.000704429601336965,-0.000529764418254851
0.000282756085111938,-0.00047530464797804
-0.000148223605071919,-0.000379064569718528
-0.000558732639715455,-0.000303545223766847
-0.000932430355325237,-0.000275410154865902
-0.00125141863976316,-0.000289735191410185
-0.0014995102958691,-0.000310451081136975
-0.00159017217918888,-0.000305946551588848
-0.00165867685386399,-0.000285153919000951
-0.00170350995770465,-0.000244850249638174
-0.00172340926237842,-0.000184080082931369
