0
0.0489963526888036
0.0979927053776072
0.146989058066411
0.195985410755214
0.244981763444018
0.293978116132821
0.342974468821625
0.391970821510429
0.432101865250152
0.472232908989875
0.512363952729599
0.552494996469322
0.602591577187351
0.65268815790538
0.702784738623409
0.752881319341438
0.799800538886574
0.84671975843171
0.893638977976846
0.940558197521982
0.99371375724955
1.04686931697712
1.10002487670469
1.15318043643225
1.20424602977441
1.25531162311656
1.30637721645871
1.35744280980086
1.40018126942271
1.44291972904456
1.48565818866641
1.52839664828826
1.57956811700665
1.63073958572503
1.68191105444342
1.73308252316181
1.77965085242784
1.82621918169387
1.8727875109599
1.91935584022593
1.95898745023454
1.99861906024314
2.03825067025175
2.07788228026035
2.11751389026895
2.15714550027756
2.19677711028616
2.23640872029477
2.28295539286767
2.32950206544058
2.37604873801349
2.42259541058639
2.46361660790085
2.50463780521531
2.54565900252977
2.58668019984423
2.62770139715869
2.66872259447315
2.70974379178761
2.75076498910206
2.79562575223262
2.84048651536318
2.88534727849374
2.9302080416243
2.97177963671825
3.01335123181221
3.05492282690616
3.09649442200011
3.13806601709407
3.17963761218802
3.22120920728197
3.26278080237593
3.30568191315456
3.3485830239332
3.39148413471184
3.43438524549048
3.48544742425544
3.53650960302041
3.58757178178538
3.63863396055035
3.68006661640226
3.72149927225417
3.76293192810608
3.80436458395799
3.8519388633375
3.89951314271702
3.94708742209654
3.99466170147606
4.04245321215644
4.09024472283683
4.13803623351721
4.18582774419759
4.23414571541638
4.28246368663516
4.33078165785394
4.37909962907272
4.41930980877227
4.45951998847182
4.49973016817138
4.53994034787093
4.58480188857869
4.62966342928646
4.67452496999423
4.71938651070199
4.76702586692154
4.8146652231411
4.86230457936065
4.9099439355802
4.95004342315354
4.99014291072687
5.03024239830021
5.07034188587355
5.11044137344688
5.15054086102022
5.19064034859355
5.23073983616689
5.27786078840502
5.32498174064316
5.37210269288129
5.41922364511943
5.45925901634272
5.49929438756601
5.53932975878931
5.5793651300126
5.61940050123589
5.65943587245918
5.69947124368247
5.73950661490577
5.78696067263989
5.83441473037401
5.88186878810813
5.92932284584225
5.96966495689384
6.01000706794544
6.05034917899704
6.09069129004864
6.13103340110024
6.17137551215183
6.21171762320343
6.25205973425503
6.30038850221095
6.34871727016686
6.39704603812278
6.4453748060787
6.48953851915293
6.53370223222716
6.57786594530139
6.62202965837563
6.66285888258146
6.7036881067873
6.74451733099313
6.78534655519897
6.83355969206124
6.88177282892352
6.92998596578579
6.97819910264807
7.0252974905159
7.07239587838373
7.11949426625156
7.16659265411939
7.20644486256129
7.24629707100318
7.28614927944508
7.32600148788697
7.36585369632887
7.40570590477076
7.44555811321266
7.48541032165455
7.53205592342477
7.57870152519499
7.62534712696521
7.67199272873542
7.71244291995498
7.75289311117453
7.79334330239409
7.83379349361364
7.8742436848332
7.91469387605275
7.95514406727231
7.99559425849186
8.04282134308066
8.09004842766945
8.13727551225824
8.18450259684703
8.23671416160273
8.28892572635842
8.34113729111411
8.3933488558698
8.43590156064296
8.47845426541613
8.52100697018929
8.56355967496245
8.61243940169496
8.66131912842748
8.71019885515999
8.75907858189251
8.80781344380555
8.85654830571859
8.90528316763163
8.95401802954467
8.99684535916486
9.03967268878505
9.08250001840523
9.12532734802542
9.16637333536217
9.20741932269893
9.24846531003567
9.28951129737242
9.34096503256108
9.39241876774973
9.44387250293838
9.49532623812703
9.54247975156073
9.58963326499443
9.63678677842813
9.68394029186183
9.73624391839917
9.78854754493651
9.84085117147385
9.8931547980112
9.9198660985084
9.9465773990056
9.9732886995028
10
