0,0
0.000104828753449676,-2.31349017747149e-05
0.000401533045517235,-8.37668158811771e-05
0.000859255260975486,-0.000129459699556046
0.0014415582341906,-5.54083687868941e-05
0.00177147309460584,6.97676054210542e-05
0.0021204184452734,0.000264830821760536
0.00248414103470673,0.000519089794114947
0.00285685701167012,0.000800198973136517
0.00323061297242496,0.00105288702623878
0.00359244501979317,0.00118390859513989
0.00392325984861285,0.00108807721623505
0.00419776980178195,0.000660687321531936
0.00439079315618219,-0.000225943976027004
0.00445275249876725,-0.00153648723531762
0.00435352868068488,-0.00314879528520249
0.00407864833207376,-0.00487736162097798
0.0037028722263452,-0.00625447005432677
0.0032104723487512,-0.00736449893314268
0.00262099080305506,-0.00812710103818415
0.00195810667823272,-0.00853209019313543
0.00125598319209437,-0.00863660997932174
0.000523848349440862,-0.00855261926221297
-0.000226186102317198,-0.00838925155526
-0.000987367955066696,-0.00824735368142905
-0.00185503896815265,-0.0082077455430827
-0.00273887700349368,-0.00833612913729128
-0.00363931007875671,-0.0085603195247624
-0.00454628024950009,-0.00866615871727909
-0.00545242199827875,-0.00831828914780485
-0.00627650864295958,-0.00690427232079046
-0.00692383386332401,-0.00397525898312578
-0.0072850861651284,0.000530394851923499
-0.00728887645945792,0.00523534941724102
-0.00699039135097372,0.0100066168534685
-0.00639772565297864,0.0141509174555927
-0.00555610080088694,0.0173565049664492
-0.00468437569113609,0.0192575601520943
-0.00371285014347946,0.0203520825460387
-0.00267615006279497,0.0207978131269905
-0.00160137183995467,0.0208142360517926
-0.000608708445539621,0.020647011998644
0.000396244938938206,0.0204226328367577
0.00141138916463414,0.0202172377062878
0.00243659914716597,0.0200515358310207
0.00374192355736622,0.0198353186122851
0.00505460469727957,0.0193552989983138
0.0063438245493675,0.0181761045436493
0.00754961402825405,0.0157147543740094
0.00821664400008969,0.0132725870400238
0.00878873666905876,0.0100375945067085
0.00923707960547721,0.00603020663207973
0.00953729294160337,0.00137048887104096
0.00967038583831496,-0.00371542514373573
0.00962507494391695,-0.00887690702481719
0.00940190867506273,-0.0137767741378492
0.00901482562413541,-0.0181369793822862
0.00855197872336144,-0.0213879547705003
0.00799571228438151,-0.0239805398430158
0.00736511547979477,-0.0259144994700804
0.00667879688479598,-0.0272491740671401
0.00591010498024191,-0.0281204892780446
0.00511263971388199,-0.0285589076090276
0.00429764888268533,-0.0286894806603458
0.00347270414443596,-0.0286252105892841
0.00235514161707868,-0.0283892578459499
0.00122968870119518,-0.0281066657561407
9.62159305890409e-05,-0.0278407031326495
-0.00104626220596035,-0.0275715294522463
-0.00250087763144622,-0.0270789985764894
-0.00395050130680457,-0.0260203799915685
-0.00535024692168727,-0.0238902632876433
-0.00662691976347588,-0.0201776650806495
-0.00723572118404279,-0.0173387944299237
-0.0077606055851022,-0.0139317797380381
-0.00818491461400396,-0.0100279352176324
-0.00849602970003745,-0.00575299656151001
-0.00868552428727049,-0.00128458750511157
-0.00874986305498532,0.00315521109174168
-0.00869190801360802,0.00735855507588425
-0.0085213396960454,0.0111514580759258
-0.00828216559174634,0.0141181896042818
-0.00797485008777096,0.01658924770277
-0.00761240132506853,0.0185506911766257
-0.00720783083799895,0.0200259352126066
-0.00671736783505396,0.0211691906475977
-0.0062036513206385,0.0218508014978092
-0.00567849303495697,0.0221673807281552
-0.00515081139546597,0.0222162537568979
-0.00448683617507896,0.0220302060386099
-0.00383488664303221,0.0216905512742156
-0.00319736245665452,0.0212997847358565
-0.00257346846969305,0.0209258713744786
-0.00161479821754552,0.0204545744941295
-0.00066548938799392,0.0201392897863228
0.000287490487260652,0.0199132976922289
0.00124977860786806,0.019628765742282
0.00224864948196197,0.0190562520532305
0.00322967371366179,0.0178982443523041
0.00415221164461448,0.0159010832709771
0.00496373130055817,0.012935228408807
0.005475776258842,0.0100031528208693
0.00586323893441551,0.00667869093922543
0.00611122853019183,0.00318274001332719
0.006218437538058,-0.000255893415404156
0.00620945137111595,-0.00277785118594885
0.00612621835392087,-0.00500634015419064
0.00598025375273398,-0.00688005022999168
0.0057849569050084,-0.0083758000915904
0.00555432929946927,-0.00950397025769176
0.00530072639213489,-0.0102961304419104
0.0050350563767414,-0.010796453784115
0.00476631391629072,-0.0110584122148183
0.00446313228904568,-0.0111356856703722
0.00417193380582202,-0.0110379682779452
0.00389705436672521,-0.0108232865716732
0.00364049373284749,-0.0105385534676817
0.00330477911104449,-0.0100765653076613
0.00300175380760252,-0.0096061835748877
0.00272396168164603,-0.00916855545365522
0.00246208412512069,-0.00878604271317316
0.00207546470911837,-0.008329797818334
0.00166736925681724,-0.008008088924378
0.00120912727072905,-0.00779150151220174
0.000679275995210333,-0.00763601730487347
6.20005224657783e-05,-0.00749099937359137
-0.000644697678024761,-0.0073316107003731
-0.00143943599888231,-0.0071587714012181
-0.00231677508015728,-0.00699844002710278
-0.00326536641620242,-0.00686136466958208
-0.00427802577606608,-0.00669711024547213
-0.00532053847653564,-0.00624205067740633
-0.00631605093989385,-0.00494377496472796
-0.00681226816494404,-0.00356620527893768
-0.00721851843351346,-0.00161295148632543
-0.00749873407991791,0.000921575077085357
-0.00762197378399139,0.00394977866843533
-0.00756390135202573,0.00727519188114435
-0.00731214322994488,0.010563074030474
-0.00687066798229059,0.0135195676972662
-0.00626093906176575,0.0159455308571177
-0.00560930331098095,0.0175528266455987
-0.00487250813271381,0.0186563868753556
-0.00407116084318554,0.0193095018630132
-0.0032232768875928,0.0196042810505567
-0.00232206504814385,0.0196485788596066
-0.00139581388764448,0.0195317092909177
-0.000450141399036692,0.0193368823181736
0.000512269572890525,0.0191190779197042
0.00195890295694728,0.0187890638645882
0.00343735028685978,0.0183553124891415
0.00492230849766523,0.0174737932974601
0.00635259268339904,0.0155151673878389
0.00720803240623775,0.0132844778214813
0.00795166029589965,0.010121031078618
0.0085363129549768,0.00601342781037979
0.00892191749974913,0.00110965197560499
0.00906533437204026,-0.00314106609228392
0.00905438784978096,-0.00740322864050537
0.00889070602548151,-0.0114215306624778
0.00858673536462809,-0.0149877336116217
0.00816223386380347,-0.0179501485241034
0.00763863640339596,-0.0202464247789552
0.0070383520098415,-0.0218871710883819
0.0063829009835888,-0.0229490493639013
0.00571431098520703,-0.0235363688527973
0.00502352033748137,-0.0237953947219142
0.00431935058651021,-0.0238255075626294
0.00360746578026247,-0.0237139905727181
0.0026207666962697,-0.0234534675876018
0.00162552190876327,-0.023167700536521
0.000619992091500027,-0.022910863346145
-0.000398492451209231,-0.0226773192303174
-0.00175820030362246,-0.0223032001739234
-0.0031322439504616,-0.0215622419731945
-0.00448479815352407,-0.0200459139977661
-0.00575062979253274,-0.017292638576818
-0.00639145212235823,-0.0150339540426294
-0.00695513570611767,-0.0122470252904434
-0.00742242754992946,-0.00897978997709436
-0.00777809721726227,-0.00533656075090082
-0.00801127710695716,-0.00147840670842824
-0.00811643431861653,0.00237761490352595
-0.00809557944540937,0.00602675303180091
-0.00795901916123205,0.00929869004206081
-0.00776259904763755,0.0116991256639115
-0.00750437281411466,0.0136884857789055
-0.00719632103397799,0.0152572002325533
-0.00685036849488716,0.0164267251757507
-0.00643752139054711,0.0173079745994214
-0.00600443737304745,0.0178255326298662
-0.00556113501216263,0.0180544954442116
-0.00511509936763739,0.0180704090788511
-0.00455042163047269,0.0178889404285763
-0.0039945536503893,0.0175776341148556
-0.0034491722723697,0.0172171321880279
-0.00291313562943437,0.0168623703342099
-0.00205188336465468,0.0163730434929912
-0.00118821861448229,0.0160208254390279
-0.00030574453879935,0.0157785445437717
0.000606722087679421,0.0155653649400203
0.00168585979138577,0.0152047082434676
0.00279446735722366,0.0144661728124265
0.00389521863902095,0.0130853849709169
0.00492812241934807,0.0108458862854101
0.00548857760707567,0.00901202471580742
0.00597709294579242,0.00684705419020707
0.00637716544209727,0.0044199494750799
0.00667773976422108,0.00183058493886251
0.00687292652629228,-0.000790002236545845
0.00696180158791199,-0.00329105408623508
0.00694975789334068,-0.00554891448393502
0.00684874126896768,-0.00747855946091826
0.00671118164461794,-0.008778626549728
0.00653259398323537,-0.00982728516181334
0.00632098629110262,-0.0106361879127627
0.00608366586265778,-0.0112310496547781
0.00579278767504735,-0.0116875398723783
0.00548374798316379,-0.0119606848205007
0.00516129952639087,-0.0120957680587761
0.00482826732918345,-0.0121347660215137
0.00436841793857273,-0.0120962139939692
0.00389082521703069,-0.0120019351915759
0.00339296668831233,-0.011887194937555
0.00287126425744623,-0.0117694952751182
0.00189617058761594,-0.0115641039463058
0.000824606084003116,-0.0113346510030792
-0.000348053032568946,-0.0110693655682172
-0.0016187388662681,-0.0107864993022866
-0.00235020529686562,-0.0106314920672502
-0.00310605705708847,-0.0104595207564448
-0.00388117543214761,-0.0102262637781335
-0.00466621717939139,-0.00984922843424136
-0.00544713245156832,-0.00921027397462638
-0.00619849473621883,-0.00812593918339548
-0.00688495531225311,-0.0064211825031647
-0.0074634693456092,-0.00396637593531138
-0.00780949959073177,-0.00148699141826139
-0.00803553196164195,0.0014037485679419
-0.0081226473031006,0.00456852277074895
-0.00806155108080188,0.00783374588686566
-0.00785127457704563,0.0109863961556606
-0.00749842456861405,0.0138168487242203
-0.0070172326380955,0.016182950616594
-0.00642852291403914,0.0180139288619318
-0.00581390569482403,0.0192238738852737
-0.00514410232068259,0.0200307186717137
-0.00443288557927031,0.0204992492879702
-0.00369144767189416,0.0207079582495548
-0.00279950571935742,0.0207282411799245
-0.00188518591495194,0.0206032197052016
-0.000952766758770421,0.0204101926965333
-3.93431796441839e-06,0.0201956576657503
0.00144629427322699,0.0198521055078261
0.00293010886404336,0.0193730945032292
0.00442271743726742,0.0184303782260609
0.00586580984391162,0.0164577566233198
0.00675610688830219,0.0142220019068129
0.00753672744775627,0.0110876454419247
0.00816108155001948,0.00705230287190314
0.0085900127762903,0.0022658346237245
0.00876864538238639,-0.00176288937534091
0.00880361296507428,-0.00579219003784115
0.00869666906199644,-0.00959277382693353
0.00845933051269613,-0.0129765835727287
0.00810973754057967,-0.0158058991789213
0.00766765131611472,-0.0180208251586917
0.00715384290265339,-0.0196261058552142
0.00658841713260288,-0.0206866687098244
0.00601093197838861,-0.0212900190794167
0.00541328912637008,-0.0215730871875886
0.0048041200703046,-0.021625173921657
0.00418914130768005,-0.0215269822769152
0.00335314236031267,-0.0212704929166941
0.00251351979921414,-0.0209681691645217
0.00166870222522956,-0.020686490242593
0.000815186432775681,-0.0204502269012816
-0.000427299921729091,-0.0201606928241207
-0.00170107091561815,-0.0197878881129252
-0.00299415887268433,-0.0190683015246806
-0.00427001681825411,-0.017629321672372
-0.00515532105505299,-0.0158828422526982
-0.00596289695798818,-0.0134109391650059
-0.00665362454373666,-0.0101885094510609
-0.00719259183339134,-0.00630616864759758
-0.00747737295064959,-0.00312150694363909
-0.00765412473348637,0.000142391324117112
-0.00772120976522159,0.00332702940227384
-0.00768389487527999,0.00628799206082334
-0.00755260514723307,0.00890231897405065
-0.00734036458489823,0.011090330035018
-0.00706213956626546,0.0128176890986541
-0.00673372711414847,0.0140961901721928
-0.00638363893927311,0.0149481301750899
-0.00601201397118158,0.0154794409690747
-0.00562802690706761,0.0157502348663674
-0.00523865539485375,0.0158230971450009
-0.00474529174661583,0.0157212974982425
-0.00425611473681318,0.0154848702740437
-0.00377311269593547,0.015184544943588
-0.0032956365906801,0.0148708285489557
-0.0025502176408544,0.0144222751608575
-0.00179724170490415,0.0140643433916429
-0.00102268261205587,0.0137995010887172
-0.000214828939917973,0.0135968290980535
0.000915440546375447,0.0133258142968525
0.00211853044421134,0.0128979119020846
0.00337173469824678,0.0120867636989596
0.00462002026656178,0.0105998928321867
0.00541319923151327,0.00905993365898986
0.00612969752825433,0.00699513795378735
0.00672991286660074,0.0043975980731253
0.00717904658083828,0.00133532057304026
0.00739413915963751,-0.00109588814573553
0.0075049596548286,-0.00356512675484235
0.00750890630601999,-0.00595839946960874
0.00740997232352183,-0.00817475219044477
0.00721670951660836,-0.0101302204306807
0.00693915002186367,-0.0117713156206472
0.00658913780372414,-0.0130775803872933
0.00617942887347337,-0.0140618928072053
0.00574273365458862,-0.014737031160612
0.00527064184438462,-0.0151902626609118
0.00476995062357591,-0.0154633121150238
0.00424579517614373,-0.0155982481916836
0.00354269080033609,-0.0156287999624459
0.00281060956439946,-0.0155518789937776
0.00205161222074921,-0.0154125716465923
0.00126625224760722,-0.0152417319172935
-8.22869650142092e-05,-0.0149225953746746
-0.00150679890220385,-0.0145947076409705
-0.00299727005313176,-0.0141360745532935
-0.00451638320890223,-0.0131867172045573
-0.0054147327092563,-0.0121404892546997
-0.00626440552851417,-0.0105064043115007
-0.00702354589609327,-0.00812967266980931
-0.00764579084664713,-0.00494296284066845
-0.00798648908035082,-0.00212315482787952
-0.00821029746100567,0.00098751708961977
-0.00830541204059488,0.00423903751269286
-0.00826865977725394,0.00746580407625678
-0.00810389433770439,0.0104900624892744
-0.00782010171540386,0.0131571917091297
-0.00743131625079187,0.0153693830752748
-0.00695561990108908,0.0170885400023132
-0.00645433223840288,0.0182560514819321
-0.00590799554222931,0.0190591947679387
-0.00532799453139195,0.0195551861254625
-0.00472353293774518,0.0198110164229235
-0.00397307879141139,0.0198944322296218
-0.00320409786231369,0.0198189611704824
-0.00242053739696897,0.0196588963155597
-0.0016237548158903,0.0194661856939449
-0.000308627526979756,0.0191496289979644
0.00104815431183678,0.018833431377404
0.00244249673582516,0.0183846286212972
0.00385208278372747,0.0175003091604042
0.00486828989920967,0.0163254894468391
0.00583334531982414,0.0144541164112212
0.00670207722942396,0.0117184936728225
0.00742523312522816,0.0080649993923797
0.00781992286373448,0.00498539513354377
0.00810161337013495,0.00162479078861596
0.0082604491100663,-0.00185877762814405
0.0082946288688896,-0.00529437171423161
0.00820894418474679,-0.00850412170491468
0.00801301211297393,-0.0113365979890215
0.00772095596574863,-0.0136951827320944
0.00735042640355802,-0.0155423742715293
0.00695583900406188,-0.0168053010338206
0.00652312660372675,-0.0176882773596268
0.00606343652042481,-0.0182459558942441
0.00558588477825598,-0.0185438310808442
0.00499744966762304,-0.018651668215373
0.00440061136869949,-0.0185739060575426
0.00379967623387647,-0.0183892502669798
0.00319618140508166,-0.0181576504675886
0.00228840714745377,-0.0178079651179922
0.00136612173908161,-0.0175057098431184
0.000421906381621779,-0.0172612589867422
-0.000549938698297665,-0.0170375250427974
-0.0018172654578906,-0.016663897361498
-0.00311693079690762,-0.0159210081307361
-0.00440603050310945,-0.0144614810177903
-0.00560974056114236,-0.0119173179658975
-0.00614573395110823,-0.0101443839393426
-0.00662006954105751,-0.00803311151049543
-0.00701864017440572,-0.00561957419353366
-0.00733026163713143,-0.00297119741393494
-0.00754680200544528,-0.000186539043136321
-0.00766337324272857,0.00260372149313341
-0.0076801702348724,0.00527369886824506
-0.00760314928408042,0.00771515624058419
-0.00746552916300796,0.00960738221584414
-0.00727063955657983,0.0112198091667723
-0.00702722526993584,0.0125380945072005
-0.00674429704832066,0.0135698981357623
-0.00639444685535836,0.0144096788959947
-0.00601654173176106,0.01496989166771
-0.0056188337841746,0.0153002044671525
-0.00520763376690225,0.0154536238264955
-0.00467748122764659,0.0154715384527865
-0.00413747465918135,0.015363505391106
-0.00358953265009554,0.015189008098773
-0.00303333365293614,0.0149901143501637
-0.00214924516451947,0.0146889885715136
-0.00123059305028576,0.0144230450850435
-0.000269112012239459,0.0141893908147959
0.000740149051589879,0.0139564506918105
0.00214075674010125,0.0135471403833406
0.00360276205561977,0.0127736630669298
0.00506017236515385,0.0112078935258654
0.00638917509009882,0.00826103739680203
0.00682213421215234,0.00665868843614852
0.00719877790843876,0.004783559098772
0.00750770618520345,0.00265989401679455
0.00773953306070971,0.000334890153180115
0.00788698229527936,-0.00212136404093908
0.0079448763257376,-0.00461277023909611
0.00791179555866343,-0.00704193041936233
0.00779073088669855,-0.00931948389603401
0.00759695125568939,-0.0112962169999325
0.00733451564423857,-0.0130121512284981
0.0070118629239869,-0.0144410452701384
0.00663824227587227,-0.0155806660769422
0.00617738060572617,-0.0165246132881229
0.00567638403256609,-0.0171753497409119
0.00514443798422038,-0.0175804219881409
0.00458887625112461,-0.0177930297290871
0.00387289095015556,-0.0178662663061271
0.00313476472330077,-0.0177995604989476
0.00237786125569479,-0.0176551207811265
0.00160330602832596,-0.017476677828725
0.000330107889468596,-0.0171741401359522
-0.000994249426892058,-0.0168698996517073
-0.00236601940843503,-0.01646525635504
-0.00376480892583645,-0.0157072777404801
-0.00478923077979555,-0.0146980637694539
-0.00577069040822838,-0.0130455389498778
-0.00666184926443902,-0.0105527257511668
-0.00740846616019392,-0.00712449797581176
-0.00780740458118114,-0.00424698778056121
-0.00809331387253923,-0.00106187371136972
-0.00825420947414175,0.0022832843385723
-0.00828639867712877,0.00562258537809673
-0.00819305033017125,0.00877579871878474
-0.00798253330362933,0.0115819972527037
-0.00766838037747488,0.0139352175723389
-0.00726839975547726,0.0157891469853861
-0.00684569945942145,0.0170512513658054
-0.00638030382363827,0.0179440107775144
-0.00588341169141937,0.0185191713622258
-0.00536424060528594,0.0188400570543655
-0.00472554950472808,0.0189803360333008
-0.0040725371064019,0.0189409336736497
-0.00340956748676635,0.0187968316468826
-0.00273834975428077,0.0186046465830363
-0.00171213012639858,0.0183026244579745
-0.000660366739342756,0.0180307872802328
0.000421839827496319,0.0177820754620259
0.00153573386787832,0.0174866296204803
0.00285114903475917,0.0169301102282561
0.00417085616171833,0.0157829049390685
0.00543278380365565,0.0136469059569285
0.00654584476492655,0.0101958970319371
0.00700713597318382,0.00794050847000602
0.00738976405066126,0.00536925267684855
0.00768178301723765,0.00255814510988675
0.00787565011861803,-0.00039002975672788
0.0079679105691246,-0.00334871045800631
0.00795898739996362,-0.00617893389155802
0.00785401815146987,-0.008762847663667
0.0076628885638904,-0.0110140811127306
0.0074194852997235,-0.0127607448357173
0.00712325322227216,-0.0141636130884893
0.00678470402303948,-0.0152330382567752
0.00641373538045331,-0.0160007636327568
0.00596378298515563,-0.0165645256582597
0.00549317291379108,-0.0168636472091865
0.00500939728698438,-0.0169643395670289
0.00451750561163056,-0.0169282849001938
0.0038588379199033,-0.0167572867745664
0.00319251613836096,-0.0165189791936675
0.00251756093368952,-0.0162692564942614
0.00183109629488319,-0.0160389634679319
0.000710190891977573,-0.0157303681332916
-0.000463018112010181,-0.015461330360949
-0.00169211093553688,-0.0151245636202178
-0.00296412498359561,-0.0145300243431627
-0.00419389096585642,-0.013490591615141
-0.00537592075007848,-0.0116034792134737
-0.00642496837967202,-0.00857653370219693
-0.00724256756923522,-0.00435354637836248
-0.00756351613875601,-0.00152014742968001
-0.00776505452628963,0.00146967208821407
-0.00784033628742227,0.00445719426458688
-0.00779168134899643,0.00729025951322534
-0.00762818799837222,0.00982733727653546
-0.00736230155484505,0.0119666686965102
-0.0070097442934465,0.0136605223524507
-0.0065882478516666,0.014914302653983
-0.00616328001968981,0.0157075243205004
-0.00570606157639802,0.0162283954964004
-0.00522480817039498,0.0165289493615576
-0.00472571396062688,0.0166630603205398
-0.00407493267980705,0.0166703676698711
-0.00340660106888992,0.0165637782094003
-0.00272249658888317,0.0163995667327278
-0.00202238579664038,0.0162152317886635
-0.000846398940960982,0.015916790196179
0.000384632321562098,0.0156360418932854
0.00167231390943211,0.0153094071993924
0.00300530453060955,0.0147728640711419
0.0043443257128499,0.0138027755035935
0.00563407265517821,0.0118674015037519
0.00677013002537405,0.00853491469880684
0.00762480117738967,0.00370320958316043
0.00792419094608388,0.000529832888748893
0.00808550909555606,-0.00280907076504014
0.00810194337520365,-0.00611334420090884
0.00797815834396369,-0.00919875788748728
0.00772705444817377,-0.0118997247500884
0.00736506645968905,-0.0141080616016463
0.0069118861998699,-0.0157859726898
0.00638869637939959,-0.0169601718796975
0.00587918291767576,-0.0176438690191336
0.00534002120834404,-0.0180483399678184
0.00477951998961744,-0.0182375084037789
0.0042036179229133,-0.0182732022055137
0.00343736852048412,-0.0181769902378721
0.00265455454655792,-0.0179945585582035
0.00185581236851628,-0.0177837956804243
0.00103988052076532,-0.0175764065132266
-0.000262976111954313,-0.0172694934363438
-0.00161805974009366,-0.0169229987291829
-0.00301465696770703,-0.0163354328734084
-0.00441529832289999,-0.0151390271873032
-0.00533483348316556,-0.0137332173253826
-0.00618884034947859,-0.0116553135577421
-0.00693431721567969,-0.00881169791725349
-0.00752856404216195,-0.00521977421372295
-0.00784353610252196,-0.00221029853324174
-0.00804390557880601,0.000971143409588766
-0.00812348072648464,0.00416658451656426
-0.00808409807771609,0.00722042563380176
-0.00793375717259537,0.00998564060517848
-0.00768403702192838,0.0123523976274126
-0.0073497402799233,0.0142621781934597
-0.00694777054541198,0.0157091480087238
-0.00652506353482011,0.0166781265710204
-0.00606913768673008,0.0173230420005464
-0.00558960728341796,0.0177011059115119
-0.00509394572900737,0.0178743664701504
-0.0044628338327668,0.0178923255973239
-0.00382052847398564,0.0177714845368508
-0.00316965789914981,0.0175803791905559
-0.0025103925658256,0.0173669680212411
-0.00144742616185396,0.0170470321069317
-0.000349575887579091,0.0167731964948833
0.00078940507580859,0.0165093046088833
0.00196854475564659,0.0161501055283397
0.00324817853927668,0.015488851060508
0.0045218678997621,0.0141720794487988
0.00572056518577024,0.0118317217119604
0.00674988635786868,0.00821742632402726
0.00718563031013914,0.00577713274157587
0.0075278307822595,0.00304360351983452
0.00776439354143946,0.000121891472622123
0.00788948429423495,-0.0028607311324167
0.00790269233107153,-0.0057580901055162
0.00780811329618064,-0.0084258027550371
0.00761484078510386,-0.0107558578978431
0.00733659959840541,-0.0126845622543814
0.00702393412674362,-0.014070918952363
0.0066653534835053,-0.0151237834238338
0.00627118988180621,-0.0158735355970792
0.00585047414495061,-0.0163657784943335
0.00533760772014842,-0.0166834696741724
0.00480688689056348,-0.0167957633513697
0.00426378414542153,-0.0167678493194258
0.00371133974680172,-0.0166543948983184
0.00292502966990282,-0.0164286763920766
0.00212050852074748,-0.0161825316088418
0.00129438516977704,-0.015951690029591
0.000442692507222011,-0.0157438271572048
-0.00084561617704276,-0.0154401096109103
-0.00219615082998781,-0.0150254135429878
-0.00358753354019343,-0.0142487848984587
-0.00496397729833165,-0.0126993892524089
-0.0058063182071164,-0.0110410047528004
-0.00656460293633936,-0.00872863974866397
-0.00719593118344506,-0.00573249652066322
-0.00766192669503178,-0.00213021495509098
-0.00788228845462341,0.000830064740692511
-0.00798327704629099,0.00384767074313633
-0.00796278816919368,0.00676556563632554
-0.00782683946051857,0.00944544472652245
-0.00758714444509571,0.0117736249641018
-0.0072574557498009,0.0136828295280564
-0.00685339819740869,0.0151527451091148
-0.00639120604935756,0.0162088350645465
-0.00591095869765635,0.0168832823349786
-0.00540149552767036,0.0172917120636725
-0.00487070568979346,0.0174931416834632
-0.00432426284984492,0.017545008603642
-0.00359386323473091,0.0174697431686648
-0.00284621335615253,0.0173038899175057
-0.00208206928153525,0.0171035084552911
-0.00130030301913483,0.0169012367737689
-1.19211147505661e-05,0.0165922509045914
0.00133425468351643,0.0162689840127838
0.00273106481882258,0.0157653230259505
0.00414629197308363,0.0147518025988699
0.00508908025733532,0.0135377173741462
0.00597697522781462,0.0116872931544421
0.00676610948008563,0.00907315842136113
0.00741032958142955,0.00567092093962065
0.00775626022410826,0.00281292897006484
0.0079901812469501,-0.000266802215881555
0.00810344701138466,-0.00342041800426889
0.00809541089297075,-0.00649387327822557
0.00797175986598661,-0.0093320232961589
0.00774232562632295,-0.0118082877589254
0.00742091680600476,-0.0138468752072239
0.00702432725499101,-0.0154253940098705
0.00660567316436342,-0.0164973212964923
0.00614908603927027,-0.0172380152580188
0.00566460074980872,-0.0176997704926281
0.00516024815436094,-0.0179424269062061
0.00452628617246311,-0.0180268570306483
0.00387784476359591,-0.0179569639608484
0.00321834681764588,-0.0178012353795424
0.00254874777714432,-0.0176095059423844
0.00149678972008221,-0.0173109450673825
0.000411550922862806,-0.0170427041686038
-0.000711809084222873,-0.0167842530875919
-0.00187273421793063,-0.0164498034319645
-0.00318370715454673,-0.0158279711814323
-0.00449265898893516,-0.0145649727716307
-0.00573025257900217,-0.0122627343840489
-0.0067985025012485,-0.00862386325487205
-0.00723582723984235,-0.00623606893953874
-0.00758453537122325,-0.00354485367140985
-0.00783256074998921,-0.000644504503813571
-0.00797336020613554,0.00234618083798755
-0.00800529620117794,0.00528724910803215
-0.00793102874680952,0.00803479393725824
-0.0077581421025074,0.0104755844421927
-0.00749893902463956,0.0125362291132174
-0.00719647220644669,0.0140703983499892
-0.00684436454158006,0.0152587208863007
-0.0064533034247921,0.0161255678488422
-0.00603288759666822,0.0167134139164313
-0.00552303782788439,0.0171120411402774
-0.00499389058608754,0.0172821803193672
-0.00445174439893036,0.0172913449094495
-0.00390040630163725,0.0171981049640941
-0.00313168464363601,0.0169855188127243
-0.00234813837264889,0.0167398189296822
-0.00154720050268435,0.0165043018905433
-0.000725225826178879,0.0162937379996611
0.000530763988584689,0.016000150186281
0.00184462815321522,0.0156336436792912
0.00320182127143002,0.0149744010012215
0.00455851339858147,0.0136621754620189
0.00543249967095466,0.0121884807695159
0.0062361291648569,0.0100803586530247
0.00692756376451861,0.00727623857085389
0.00746696169261479,0.00381741414403582
0.00774510130843252,0.000954418078212539
0.00791073499567582,-0.00202898981388318
0.00795921510173441,-0.00498496666960465
0.00789359848523151,-0.00777347866648639
0.00772266694894736,-0.0102680530992057
0.0074580749780491,-0.0123798031632701
0.00711413211632007,-0.0140661897288388
0.00670670161174976,-0.0153316857477285
0.00627808781724652,-0.0161774765788757
0.00581712083785133,-0.0167336954412876
0.00533248313791502,-0.0170545684404907
0.00483078607703679,-0.0171969911900898
0.00418029015828299,-0.0172030477416654
0.00351460099101888,-0.0170879752746228
0.00283574657698486,-0.0169127053318854
0.00214356781659825,-0.0167183072403529
0.000992443495666775,-0.0164136573852874
-0.00020719520320721,-0.0161364772040376
-0.00145847890775859,-0.0158259452657854
-0.0027529915521636,-0.0153291837093445
-0.0040619166553984,-0.0144310486737317
-0.00533392850451248,-0.0126685661172537
-0.00647852327166223,-0.0096465537765308
-0.00738299780164975,-0.00521892857469418
-0.00773434790661085,-0.00223019013718765
-0.00795992142714068,0.000976945316054588
-0.00805060055358514,0.00422726562822857
-0.00800738741567653,0.00734663773009874
-0.00783896935800535,0.010165213120766
-0.00755836884699866,0.0125545944255806
-0.0071827010233288,0.0144503570646254
-0.00673177485919582,0.0158503731036754
-0.00628203257262092,0.0167212993059401
-0.00579885679595447,0.0172886383131113
-0.00529140514030012,0.0176101707876925
-0.00476664077247432,0.017746515308119
-0.00409211182456819,0.0177409683485198
-0.00340271406283286,0.0176147854665334
-0.00270049059989281,0.0174308238084606
-0.00198525426327684,0.0172308726347547
-0.000776912705911333,0.016916799134303
0.000481015695604925,0.0166289228935805
0.00179006582325549,0.0162775056864483
0.00313657357047169,0.0156552815134667
0.00444209483780876,0.0145266329337295
0.00568490523885215,0.0123926176302979
0.00676723364016859,0.00890182242288936
0.00757749742288002,0.00403079236910346
0.00787158317004245,0.000807693030752257
0.0080317814884885,-0.00254112611433219
0.00805342426284074,-0.00581988885043219
0.00794248978330413,-0.00885247531563688
0.00771251211904392,-0.0114873202431081
0.00737999138959784,-0.0136307928803597
0.00696406770984359,-0.0152538146905772
0.00648485178789579,-0.0163878368545651
0.00601480171674359,-0.0170527914108713
0.0055184738305084,-0.0174429674245472
0.00500385284796403,-0.0176213081227922
0.0044765993238304,-0.0176485094799935
0.00377356802222524,-0.01754228465891
0.00305782571469626,-0.0173499339319735
0.0023296641162888,-0.0171299058640619
0.00158738812250935,-0.0169160558512949
0.000367214875104238,-0.0166087569084875
-0.000906383486359534,-0.0163141211338441
-0.00223169736288279,-0.0158947558228252
-0.00358654993297649,-0.0150886740087131
-0.00456481613745889,-0.014052521366899
-0.00550161319660615,-0.0124214042837274
-0.00635326964622586,-0.0100434684880443
-0.00707131573708019,-0.00685738813372261
-0.00746178939471041,-0.00421949397761694
-0.00774944991525835,-0.00132578229014513
-0.00792390684195925,0.0016972422089677
-0.00798194799553449,0.00470873597001368
-0.00792628172030367,0.00755772136198937
-0.00776398722849222,0.0101088164929162
-0.00750663776290727,0.0122707053275898
-0.00716960044917196,0.0140012558687423
-0.00680541886407125,0.0152106912776286
-0.00639967419176381,0.0160896812375746
-0.00596251094989153,0.016679977365289
-0.00550239728800459,0.017034538118307
-0.00493319601015572,0.0172261199853324
-0.00434787816911025,0.0172395844273282
-0.00375085035156022,0.0171414040571418
-0.00314406983379095,0.0169836180457627
-0.00224190521700395,0.0167185767790536
-0.00131465466732757,0.0164607340947544
-0.000357675060105892,0.0162278766448942
0.000632557390057539,0.0160005147449538
0.00198929841908647,0.0156146789400468
0.00338881640506019,0.0148835578422565
0.00478121897057026,0.0134209606391249
0.00607475406567949,0.0107414717503989
0.00657836341886248,0.00905435865963873
0.00702365233568525,0.00704331261722151
0.00739734815209111,0.00473255838920006
0.00768840868827643,0.00217526719389194
0.00788820703595598,-0.000546126619783168
0.00799065955590214,-0.00331536526677135
0.00799421383781571,-0.00601451688102518
0.00790265347503549,-0.0085358953907233
0.00774180567259868,-0.0106108296609725
0.00751490205989309,-0.0124093070026512
0.00723065487322835,-0.0139053624444717
0.00689848706409008,-0.015097812504782
0.0064881238006022,-0.0160833080618865
0.00604177417876591,-0.0167632508555513
0.00556865477792445,-0.0171870660473616
0.00507608452322243,-0.0174100971587498
0.00444521677773157,-0.017487958336773
0.00379852049187667,-0.0174197616402784
0.0031391332045422,-0.0172703543595451
0.00246783284621164,-0.0170864425729172
0.00140717615024266,-0.0167966700992287
0.000308810127387934,-0.0165312401761074
-0.000831578549332874,-0.0162680207300282
-0.0020124356627733,-0.0159201715947565
-0.00333141473461429,-0.0152820129827593
-0.004646756649226,-0.0139864997793621
-0.00588493842342504,-0.0116227062531819
-0.00694232220024311,-0.00788707787318243
-0.00736412716361796,-0.00546373490561496
-0.00769405864436115,-0.00274224335680035
-0.00792008303456957,0.000178070786006432
-0.00803601004762845,0.0031743503788722
-0.00804077141886392,0.00610359191713272
-0.00793766879955477,0.00882152027544031
-0.00773494931216766,0.0112171569176318
-0.00744552680475104,0.0132214358492824
-0.00711446123371405,0.014701796962083
-0.00673378925301285,0.0158348386748814
-0.00631429937432336,0.016648963584369
-0.00586555614953984,0.0171897856789895
-0.00532044706694958,0.0175449952153313
-0.00475548446812076,0.0176813531175742
-0.00417667431926623,0.0176670885627634
-0.00358751588327962,0.0175600103939526
-0.00275310633893548,0.0173374932431006
-0.00190010037111524,0.0170917279139949
-0.00102569151267336,0.0168603566571793
-0.000126481520428043,0.0166488463889043
0.00119210942985299,0.0163302633796798
0.00256247422119805,0.0158370876812841
0.00395637050744622,0.0148691093699326
0.00530987645609352,0.0129772740645838
0.00605527595897173,0.0112014623191847
0.00672050057578444,0.00885535874476239
0.00727403111650469,0.00594390491527357
0.00768889226890645,0.00255111616540894
0.00790253913758771,-0.000328805943122688
0.00801066587529992,-0.00325768220696432
0.00801179618742893,-0.0061005995645096
0.00791072590745425,-0.00873627782077455
0.0077168092993508,-0.011062987720551
0.00744142169589829,-0.01301559248038
0.00709767198571845,-0.0145672452842961
0.00669943886525289,-0.0157301926782381
0.00626209012263452,-0.0165435401910746
0.00579441062524494,-0.0170650062411466
0.00530503496111247,-0.0173520370034908
0.00480044245809665,-0.0174636802176554
0.00414217702718398,-0.0174361777868736
0.0034707243082359,-0.0172937832317241
0.00278774337330715,-0.0170988937028409
0.00209267210715862,-0.0168924587286869
0.000914671747430092,-0.0165747810063647
-0.000312966000565637,-0.0162918057020592
-0.00159353051481016,-0.0159615262085499
-0.00291599952305519,-0.015398102689814
-0.00420581951772411,-0.0143895718029081
-0.00544748702318652,-0.0124696555057656
-0.00654968941497583,-0.00928287118356963
-0.00740415899006764,-0.00474858096084628
-0.00773246650656305,-0.00170245742137284
-0.00793345381096074,0.00151760853320437
-0.00800004185592294,0.00473156882834305
-0.0079352999429628,0.00776813699640476
-0.00774978496785766,0.0104688643111898
-0.0074577355408364,0.0127227378772374
-0.00707679790279816,0.0144812811476006
-0.00662654243606992,0.015756130867874
-0.00617996667892474,0.0165356161202873
-0.00570319484275215,0.0170281804863091
-0.00520475838701388,0.0172922984346944
-0.00469098007753378,0.0173872522973391
-0.00402044596902198,0.0173467059280946
-0.00333583347135052,0.0171986957189271
-0.0026385088208178,0.0170034014200697
-0.00192771627823411,0.0167993613779359
-0.000696529424122345,0.0164786406088953
0.00059020220156356,0.0161848711993775
0.0019336173969571,0.0158104492209129
0.00331624743467842,0.0151199675303503
0.00433936655858677,0.0142050579814337
0.00532921322494363,0.0127064259987327
0.00623968001568758,0.0104358819313702
0.00701686582358269,0.00729072193233233
0.00743185691988904,0.00471407482740814
0.00774479219684799,0.00184578870575712
0.00794352317478251,-0.00119330783273732
0.00802309217177163,-0.00426220824356022
0.00798461022900607,-0.00720303579123572
0.00783396004399198,-0.00986681893756889
0.00758212132082607,-0.0121485847021217
0.00724458950124181,-0.0139937724066283
0.00687914549573239,-0.0152841076297088
0.00646900423182536,-0.0162345587415049
0.00602469905096308,-0.0168843188256406
0.00555516667074155,-0.0172857127979884
0.00497967200380274,-0.0175163135196868
0.00438658955528168,-0.0175584956644098
0.00378077629837511,-0.0174796308074716
0.00316461597815043,-0.0173334440825934
0.0022581045469891,-0.017078370274037
0.00132740785135839,-0.0168236913683776
0.000368528417459429,-0.0165910501745216
-0.000621733131247048,-0.0163638627222478
-0.00197950851697407,-0.0159799891780838
-0.00337772833128423,-0.0152539110253378
-0.00476804692506713,-0.0137997922228411
-0.00606145463123083,-0.0111335391791109
-0.00657642227216312,-0.00941600695901833
-0.00703190541447307,-0.00736129687772582
-0.00741415806465747,-0.00499432009148225
-0.00771175798094515,-0.00237064967537412
-0.00791580822384204,0.000423100874604997
-0.00802010698755461,0.00326457023804189
-0.00802320193831901,0.00603005005145249
-0.00792921993391428,0.00860714246783366
-0.00776620235822315,0.0107075542437897
-0.00753715943385248,0.0125228433545757
-0.0072510445326601,0.0140276694826241
-0.00691748063914491,0.0152220584778218
-0.00650660310465575,0.0162030816992417
-0.00606068129314148,0.0168744955441935
-0.00558899414985834,0.0172874412776714
-0.00509887251764723,0.0174987070913971
-0.0044712673053527,0.0175623065953601
-0.00382921156402011,0.0174810748090631
-0.00317572298702,0.0173209649299066
-0.00251142577590576,0.0171291980729105
-0.0014585647167134,0.0168318357426432
-0.000369246852765059,0.0165646466989627
0.000761492655086372,0.0163041222877708
0.00193269928284244,0.0159631222252112
0.00324634390318122,0.0153354992939512
0.00455833052793701,0.0140628952569413
0.00579667608131341,0.0117425728896533
0.00685962115271124,0.00807422081667106
0.00728589985685298,0.00569857107394205
0.0076227509806805,0.00302720570477759
0.00785821566091585,0.000154822721767648
0.0079859291341745,-0.00280026919901
0.00800446194923293,-0.00569943920988343
0.00791663888561063,-0.00840112351304285
0.00773016738226779,-0.0107948489953133
0.00745741525324418,-0.0128100665244868
0.0071416635771897,-0.0143093412108107
0.00677599512832144,-0.0154664358582532
0.00637104879783193,-0.0163068972591238
0.00593633656545659,-0.0168738412365469
0.00540833721726647,-0.0172558156956438
0.00486007261718781,-0.0174154774660286
0.00429768511656746,-0.017419723625543
0.00372484474285744,-0.0173260171166082
0.00291986742737095,-0.0171162411292465
0.00209715992256698,-0.0168760849054739
0.00125419631051177,-0.0166459403537998
0.000387608713396338,-0.0164364747508706
-0.000913140472155045,-0.0161296473028231
-0.00226991329529474,-0.0156983455090436
-0.0036604315731443,-0.0148773317749434
-0.00502873525210675,-0.0132450302724365
-0.00587619712497325,-0.0114757758489524
-0.00663421828376894,-0.00902471866060149
-0.00725973228499843,-0.00587714857483968
-0.00771532409077008,-0.00212989259855537
-0.00792647002977211,0.000928869999499031
-0.00801723173548276,0.00401970857512588
-0.0079867777370018,0.00698125901277824
-0.00784232598554795,0.00967504465389187
-0.00759665189827888,0.0119917354961483
-0.00726427792754227,0.0138714123790669
-0.00686126068856145,0.0153009961271439
-0.0064038981894002,0.016312895068298
-0.00592926139905763,0.0169489953113675
-0.00542822653521116,0.0173205447776404
-0.00490848973497851,0.0174889184588909
-0.00437547053216143,0.017512807428206
-0.00365887370990812,0.0174078198220079
-0.00292772150247234,0.0172201129760038
-0.00218220700501272,0.0170059038550251
-0.00142064165919799,0.0167969824952803
-0.000175405100232049,0.0164922995235998
0.00112584481058968,0.0161858983937994
0.00247876767012011,0.0157262425022507
0.0038564273028505,0.014823776418943
0.00481384427003775,0.013706050846808
0.00572355037982148,0.0119787584073426
0.00654201757092026,0.00950361269354067
0.00722219874529415,0.00623762717037104
0.00759099328206706,0.00351372839186815
0.00785307334535571,0.000551137931980905
0.00799885652399929,-0.00251488752330317
0.00802628583771367,-0.00553844183592227
0.00793939120136765,-0.00836754491940845
0.00774645603874541,-0.0108715224441496
0.00746001178968623,-0.0129665423953409
0.00709600867215319,-0.0146195761942158
0.0067070959576371,-0.015761674363314
0.00627817838506842,-0.0165744382271599
0.00581932328173328,-0.0171041714282318
0.00533877699808079,-0.0174067048037412
0.00473990170329929,-0.0175496671426469
0.00412538466120506,-0.0175256556127899
0.00349919081588815,-0.0174017402187946
0.00286283465503748,-0.0172287913911912
0.00189420388382931,-0.016949385725748
0.000896589525635906,-0.0166877756739921
-0.000134863116128446,-0.0164483393459764
-0.00120243230600034,-0.0161886222009163
-0.0025569757965328,-0.0157186660620584
-0.00393554473736426,-0.0147590407951452
-0.00527600343982778,-0.0128911493379778
-0.00647779968495989,-0.00968830561234207
-0.00692089895840796,-0.00780357901898109
-0.00730105718181374,-0.00563251691152906
-0.00760742559732699,-0.00321817467897492
-0.00783184469124902,-0.000627312236539683
-0.00796881121958692,0.00205105959989321
-0.00801546659092938,0.00470772278003553
-0.00797280359036218,0.00723924969369573
-0.00784603951870264,0.00955744146576291
-0.00765294133168613,0.0115171621489422
-0.007398294308631,0.0131797081598198
-0.00709131460563214,0.0145309872794962
-0.00674148756960589,0.0155805101094222
-0.00630943445776493,0.0164328279545817
-0.00584562536680227,0.0169897616586886
-0.00535885553745046,0.0173070951615447
-0.00485581372661901,0.0174432108506709
-0.00420311047529093,0.0174392094973673
-0.00353649905850772,0.0173134143981337
-0.00285798480026678,0.0171286819905816
-0.00216732217717843,0.0169272197286485
-0.00129734292002054,0.0166885019560611
-0.000401883858962678,0.0164709492934158
0.000521901971877106,0.0162594693062939
0.00147423953607292,0.0160113998738411
