0,0
4.86345958176965e-05,-1.04355015825194e-05
0.000190934797562233,-4.25055051309014e-05
0.000420572919745638,-8.82549711333469e-05
0.000729991534313086,-0.000127595143127343
0.00102822299697502,-0.000132396495001667
0.00136954361450996,-8.51382536547477e-05
0.0017529133880518,4.03330968529493e-05
0.00217870367827476,0.000265851192135788
0.00253307707733036,0.000512699546179699
0.00291381609168086,0.000818414491292411
0.00332029799865478,0.00115979964120068
0.00374939597856994,0.00149205846352583
0.00419484790630683,0.0017477243784047
0.00464403435809752,0.00181908725195062
0.00507646029253741,0.00158421576153809
0.0054636917335664,0.000920419451698388
0.00579813993611167,-0.00046051483097749
0.00597677640723739,-0.00243718467371539
0.00595475599279433,-0.0048070267477549
0.00571093192146451,-0.00735338090587107
0.0053528506745213,-0.00929512310584876
0.00486133986100552,-0.010911910249289
0.00425679636488209,-0.012111974291957
0.00356443146840561,-0.012878319119598
0.00285982259734162,-0.0132497621608194
0.00211661955791881,-0.0133677079582373
0.00134667704902502,-0.0133138608381729
0.000557791203787647,-0.0131650127642064
-0.00042348805555504,-0.0129422450928702
-0.00142628223157627,-0.012730768007867
-0.00244913141926812,-0.0125203693926867
-0.00348662297026286,-0.0122119300716278
-0.00467613048079111,-0.0115300197130527
-0.00581367760044221,-0.00997934198752306
-0.00681071752976009,-0.00712718618172732
-0.00755729326906943,-0.00286123932628975
-0.00783184536725765,0.00019928574801873
-0.00796604009579702,0.00343921422798447
-0.00795409890504855,0.00663152687919197
-0.00780324063673512,0.00957132670765133
-0.00753005918991683,0.0120780987756398
-0.00715527391757048,0.0140425959839989
-0.00670257312560183,0.0154378288935068
-0.00619635610629841,0.0163093602204115
-0.00572228116719615,0.0167211881271463
-0.00523454659356548,0.0168694943322808
-0.00474163243831455,0.0168249905142216
-0.00424931244929002,0.01665365673576
-0.00360888892967512,0.0163278443971907
-0.00297694196721431,0.0159651411547709
-0.0023522708113244,0.0156244161819332
-0.00173139267577015,0.0153373488424637
-0.00080104992685594,0.0150203745666794
0.00014671226898737,0.0147926645659168
0.0011183013415225,0.0145307799440298
0.00210503941426474,0.0140332946899133
0.00296848952781647,0.0131992519494068
0.00379016798687115,0.0117862291774249
0.00452495305467247,0.00966879627490603
0.00512526392356325,0.00684906135802871
0.00543218086080772,0.00461068183363308
0.0056458384620551,0.00223910965809982
0.0057619333502771,-0.000136493948849477
0.00578361115564262,-0.00239091794541137
0.00571982534741032,-0.00440825565984578
0.00558313164980432,-0.00610641263113801
0.00538872764396536,-0.00744479583903033
0.00515322666186845,-0.00842406169262359
0.00491942155785466,-0.00902638150769193
0.00467532635351962,-0.00939772548008194
0.00442934803601951,-0.00957674322240494
0.00418815777697309,-0.00960433931180015
0.0039022905837696,-0.00948491377057408
0.0036373786200608,-0.00924714237171009
0.00339685189116223,-0.00893685064966072
0.00318199986104799,-0.00858862396211912
0.00291401705462237,-0.00806099100401513
0.00269379454941311,-0.00754284263103706
0.00251388255443423,-0.00705801396682562
0.00236546132559972,-0.00661837458577695
0.00217744246328063,-0.00604037694132844
0.0020064782120121,-0.00558210828502694
0.0018201654468659,-0.00524027097394335
0.00158935034529151,-0.00500388471150188
0.0012197602464517,-0.00482882007890188
0.000723592808820561,-0.00469580650646284
8.94052939846572e-05,-0.00454935006992078
-0.000682148093635621,-0.00438041996485803
-0.00149458579037973,-0.00422828026125198
-0.00241411287079365,-0.00418932390214664
-0.00343744241960007,-0.00424891495952566
-0.00453974123812199,-0.00416370675586677
-0.00501059735428045,-0.00397354086124198
-0.00547472658312478,-0.00360119663641739
-0.00591837533959331,-0.00297835278389065
-0.00632451015465654,-0.002042879786357
-0.00667378714239038,-0.00074697163286352
-0.00694293123827413,0.000904613374126396
-0.00711120786016168,0.00285820591072527
-0.00716408984957922,0.00501705860515288
-0.00710633377206813,0.00700752345551941
-0.00694766607157135,0.00891887721806472
-0.00669248231077467,0.0106448832121689
-0.00635088129633409,0.0121089059908078
-0.00594828279754673,0.0132407066197227
-0.0054891054392001,0.0140785686727582
-0.00498558115605218,0.0146421185244174
-0.00444880564163411,0.0149720550262989
-0.00382631643035034,0.0151278512102375
-0.00318281053757639,0.0151263227042872
-0.0025239593181333,0.0150266911062036
-0.00185284089556165,0.014876812748263
-0.000862224300438009,0.0146350388561554
0.000154508042718714,0.0144007463039957
0.00119761844206453,0.0141466127766329
0.00226170100683707,0.0137634950366005
0.00337025872498337,0.013049167308581
0.00444423392168231,0.0116696550746768
0.00541878408649697,0.00934095125889157
0.00621502824670594,0.00595976151618085
0.0065685371209289,0.00349942431693053
0.00681576820108253,0.000840909955796394
0.00694920942136998,-0.00186694330365632
0.00697024460216506,-0.00447227221922356
0.00688729637463686,-0.0068250941130054
0.0067134664729004,-0.0088104630309326
0.00646565823077469,-0.0103672150866361
0.00616321357460978,-0.0114880703991713
0.0058636369455478,-0.0121497082380784
0.00554722107953426,-0.0125362729419446
0.00522352171204759,-0.0126956643510464
0.00490004405989549,-0.0126798375933063
0.00451158448799261,-0.0124930543837658
0.00413749688348706,-0.0121861938319589
0.00378084098208212,-0.0118158844166111
0.00344222735866852,-0.0114246339345523
0.00296235809177465,-0.0108557438115611
0.00251081499475597,-0.0103546036469721
0.00207635098779777,-0.00994510518062702
0.00164694475686666,-0.00963068525368018
0.00100177351386997,-0.00931356682122848
0.00031177235832622,-0.00911353416143304
-0.000443088782676342,-0.00894281208646802
-0.001266462647499,-0.00868614183166328
-0.00200569325015197,-0.00830759399368849
-0.00276801036600584,-0.00767850211990773
-0.00352506740248274,-0.00670704360937964
-0.00424020851900528,-0.00532859304328176
-0.00468216804618216,-0.00414064034426465
-0.00507026593641081,-0.00277699892768506
-0.00539227430007822,-0.00128341492004314
-0.00564059413455272,0.000278279790815851
-0.00581186952768417,0.00183041839209815
-0.00590628871549687,0.00328598788005208
-0.00592880992256122,0.00457549402301562
-0.00588941715972031,0.00565400427416528
-0.00581988253127087,0.00636525781024437
-0.00572329765368129,0.00692304139242596
-0.00560571864255606,0.00733678135633904
-0.00547248394061848,0.00762474407348327
-0.00530993263580457,0.00782604554493071
-0.0051373234934808,0.00792699792110829
-0.00495723795291374,0.00795631521332675
-0.00477056113684099,0.00794112359794612
-0.00450603760408019,0.00788887616940919
-0.00422382499985468,0.00783197193647185
-0.00391796246042663,0.0077919384571451
-0.00358176042372739,0.00777536897688452
-0.00285216985924578,0.0077862886457001
-0.00197223324020184,0.00774584602227483
-0.000939042783886233,0.00758157640061216
0.000238330795048469,0.00731824090995694
0.00107370375732891,0.00713496192886454
0.00196348490305878,0.00697991078104423
0.00290417420165467,0.00683201083353729
0.00388430135549912,0.0065819932667764
0.00452979187751974,0.00627130198582497
0.00516796313088008,0.00572770866119644
0.00577795102052731,0.0048424223936133
0.00633267294068173,0.0035160316488813
0.00671368873152902,0.00209422506366531
0.00702040382373053,0.000357746030741528
0.00723606387231495,-0.00164230811074862
0.00734903159691424,-0.00381909445333625
0.00735266544017219,-0.00604918084159
0.00724563983403054,-0.00818283263605822
0.00703341849537692,-0.0100948527248423
0.00672851742757411,-0.011697255593172
0.00638398873113318,-0.0128475005917845
0.00598830571489908,-0.0137000868527611
0.00555335258632976,-0.0142758597036011
0.005089842562928,-0.0146156491313516
0.00455806355010939,-0.0147778171935779
0.00401060862430096,-0.0147781006238254
0.00345296373194112,-0.0146730872684867
0.002888152291855,-0.0145104209868737
0.00208395792281124,-0.0142510610946624
0.00126483361283488,-0.0140052932105516
0.000427102301441825,-0.0137930156387015
-0.000432549856099387,-0.0135955397752183
-0.0015539888029536,-0.0132812449064395
-0.00269870900294011,-0.0126662940555527
-0.00382683453588457,-0.0114481916146152
-0.00486890845368085,-0.00930858363043378
-0.00532403687703913,-0.00782461916078809
-0.00572137725131318,-0.00606836086653377
-0.00604894423431655,-0.0040797278124025
-0.00629796069235534,-0.00192522924047802
-0.00646289985308111,0.000303211998577687
-0.00654185191164651,0.00249241350329237
-0.00653765280313538,0.00453853892056712
-0.00645818041084071,0.00635709169492206
-0.00633203399488221,0.00774502889359815
-0.00616328287037234,0.00887802117344823
-0.00596141022922932,0.00975218267135363
-0.00573576655549205,0.0103817966338242
-0.00546731346794323,0.0108281369887365
-0.00519012405625861,0.0110469341693803
-0.00491226108423927,0.0110830918410097
-0.00463978278308102,0.010982103289241
-0.00430875828135489,0.0107208282596748
-0.00399736650044471,0.0103665286403211
-0.00370732153957859,0.00996763879224744
-0.00343804686217892,0.00955940328921972
-0.00305158709237922,0.00895238699503973
-0.00269655776360462,0.00842140446232733
-0.00235780484719094,0.00798563874160796
-0.00201978171558295,0.007646414041475
-0.00148961562744273,0.00729518102779733
-0.000890197621100638,0.00706639749147863
-0.000195583302251177,0.00689155146202631
0.000605460564552273,0.00670830785836946
0.00153518255494798,0.00645193385934271
0.00256495158719807,0.00609567640490416
0.00366374697410371,0.00551294272494472
0.00476766908490285,0.00443182770448848
0.00527276341296805,0.0036193408659165
0.00573711015138782,0.00255442953492551
0.00614054881154422,0.00121523355382197
0.00646370018595498,-0.000387687501421319
0.00668913615648271,-0.00220700274750063
0.00680162341383411,-0.0041243318130496
0.0067940878706566,-0.00600931491153893
0.00667069136761333,-0.00774637735215539
0.0064901032327302,-0.00899220540964029
0.0062462174168953,-0.0100250041355914
0.00594860477757888,-0.0108293906986053
0.00560755955523979,-0.0114130041556832
0.00523140636279491,-0.0118021512272909
0.0048291219479422,-0.0120251247174212
0.00440698673633098,-0.0121161809805594
0.00396956917330807,-0.0121104734552174
0.00339512021532546,-0.0120127335694718
0.00280294566108888,-0.0118569006151698
0.00219336749221506,-0.0116783488872993
0.00156513230238107,-0.0114994284450915
0.00045901624237437,-0.0112149563187877
-0.000717762343770805,-0.0109466805415978
-0.00196264496583121,-0.0105746988990917
-0.00324614320232215,-0.00982895555754964
-0.00403501652904555,-0.00900823124641934
-0.00478683282900503,-0.00776516770270385
-0.00546607534459335,-0.00601356091577669
-0.00603528120666518,-0.00373861087725169
-0.00635131736795742,-0.00184996648741986
-0.00658225305762935,0.000179194492093321
-0.00672162862041323,0.00224990602870111
-0.00676948490555406,0.00425868968559532
-0.00673104010940714,0.0061017121399596
-0.00661497215088387,0.00769390202586603
-0.00643318992800529,0.00898385015874612
-0.00620000645420234,0.00995656151412933
-0.00595468340820957,0.0105817776626479
-0.00568829811700777,0.010981702145919
-0.00540919091225878,0.0111896684361149
-0.00512405572880027,0.0112449877538033
-0.00477812935534022,0.0111636449911634
-0.00443595141828425,0.010971127148385
-0.00410037345747254,0.0107141028681507
-0.00377199362611831,0.0104294343726405
-0.00329223006354496,0.0100072051203178
-0.00281731639197288,0.00962663149247188
-0.00233738838622761,0.00930965617374461
-0.00184215152770595,0.00905884104540865
-0.001069014786475,0.00878480459704444
-0.000219973441729759,0.00857402699235773
0.000716701948811659,0.00835800142468101
0.00173747376670799,0.00805526587177319
0.0027351289200081,0.00761687641695554
0.00375879079395851,0.00683242865802115
0.00475139468742753,0.00548166375241197
0.00563027991944056,0.00337299785951321
0.00598761611768692,0.00203045012745677
0.00628083472364334,0.000513112386150177
0.00649958847236188,-0.00112900683144432
0.00663787941215981,-0.002829740605273
0.00669358798745349,-0.00450826832837057
0.00666780845824125,-0.00607724702822086
0.00656582922835352,-0.00746659786528838
0.00639721023120921,-0.00863022922558869
0.0061972686624897,-0.00947008124264641
0.00596061414853028,-0.0101095861326137
0.00569521845915612,-0.0105618845384871
0.00540824475041913,-0.0108516204009869
0.00506575248814322,-0.0110214430293899
0.00470942959887909,-0.0110620985352397
0.00434347112129018,-0.0110108881038185
0.00397020302760903,-0.0109009930389604
0.00345237701884941,-0.0107038557230111
0.00292066030357083,-0.0104877223320896
0.00237183438548898,-0.0102784280135628
0.00180174799762419,-0.0100879302271407
0.000810533450222836,-0.00981292139109435
-0.000265280084187883,-0.0095692370580674
-0.00142989021690884,-0.00927850855451453
-0.00266581591943122,-0.00878069337237151
-0.00345226648765346,-0.00825784755913169
-0.00423012863254553,-0.00744000651711499
-0.00496957064778747,-0.00621655942738083
-0.00563387810101992,-0.00450471452932508
-0.00602367336480903,-0.00303208983571507
-0.0063443262603329,-0.00134786950480461
-0.00658422361861355,0.000489584951049346
-0.00673667747789314,0.00240162083803366
-0.00679945108860679,0.00429076823009254
-0.00677424866952397,0.00605180388197657
-0.00666759669000276,0.00760120918702132
-0.00649083371700019,0.00888477547460399
-0.00628538791839531,0.00978551640089634
-0.006044353422205,0.0104592853964898
-0.00577663227867167,0.0109223657102164
-0.00549016097512527,0.0112036901713516
-0.0051526392527316,0.0113467110553163
-0.00480635536850461,0.0113477837327214
-0.00445595754888105,0.011249269560666
-0.0041040353050194,0.0110887090944876
-0.00362072787310913,0.01082122199404
-0.00313413204604967,0.0105411548019107
-0.00264040369049441,0.0102792643681063
-0.00213442562319159,0.0100502857852963
-0.00128178421910197,0.00975294099865397
-0.000363177903650634,0.00951902505812411
0.000632762641305606,0.00929052122837093
0.00170365599466695,0.00897721739939699
0.00276040922898768,0.00850077665463164
0.0038329608651247,0.00759562747027592
0.0048556271087206,0.00600318858650584
0.0057362735327728,0.00354637313254139
0.00608567950714643,0.00199475083509514
0.00636112134096315,0.000276589439099671
0.00655331626397008,-0.00153673954329769
0.00665856226348991,-0.00336135359376401
0.00667785598096559,-0.00510324148952427
0.00661575850125162,-0.00667241502945721
0.00648083390840582,-0.0080047888324111
0.00628529143773416,-0.00906713866302076
0.0060699758050275,-0.00978619041674909
0.00582563115181714,-0.0102987667714621
0.00556024500185761,-0.0106273429154964
0.00528056386720289,-0.0108031766029733
0.00494368082781675,-0.0108605851827269
0.0046000154877877,-0.0108018738738604
0.00425291662696044,-0.0106673791268997
0.00390371753742843,-0.0104908525269412
0.00340258705117982,-0.0102154053044787
0.00289185518483526,-0.00994648202565253
0.00236552954760454,-0.00970641027193603
0.0018170512139203,-0.0095015438072849
0.000904635724743912,-0.0092361729540725
-9.4032952047216e-05,-0.00900693785653539
-0.00118541318005967,-0.00874560282150551
-0.00235743967836869,-0.00833880070675878
-0.00316085082212678,-0.00790604340852812
-0.0039679557604098,-0.00722040710839289
-0.00474958065375186,-0.0061615450691526
-0.00546711135942739,-0.00461847892869581
-0.00588655926724868,-0.00328225862524662
-0.00624116496909245,-0.00171319795571353
-0.00651713649838474,4.44924392293171e-05
-0.00670516726879455,0.00192143773681945
-0.00680023798101495,0.0038232019726326
-0.00680138524290911,0.00563671294381341
-0.0067132461357653,0.00726654763358677
-0.00654645210311429,0.00864498875877781
-0.00634731356024663,0.00961381805106256
-0.00610771358746864,0.0103581896054291
-0.00583666926273842,0.010889062521336
-0.00554246921962922,0.0112319133408778
-0.005199714006323,0.0114320705059478
-0.00484428823797929,0.0114858177201185
-0.00448114537948097,0.0114335180448704
-0.00411326867090281,0.0113119563696571
-0.00361264511578905,0.0110907937726294
-0.00310486811603113,0.0108456358743129
-0.00258720732868007,0.0106079379134954
-0.00205560264682137,0.0103941015419625
-0.00114178510500448,0.0101014172962642
-0.000159721414142072,0.00986349723237885
0.000899800411430913,0.00961595225382222
0.00203013493052101,0.00924263553475491
0.00306297625706828,0.00868351978059884
0.00409305982782384,0.00764504852403893
0.00505482487873923,0.00588999772298721
0.00586320739564151,0.003299014011867
0.00619749122952985,0.0015914478816948
0.00644924516799642,-0.00026658006284891
0.00661032282147568,-0.00218588269201577
0.00667923989309804,-0.00406984443857823
0.00665985515048986,-0.00581729864913387
0.0065596182539738,-0.0073407569967579
0.00638967339453371,-0.00858536493778306
0.00616415886886921,-0.00953202107781314
0.00592942976202704,-0.0101329259964333
0.0056712597556082,-0.0105307703509598
0.00539733318056536,-0.0107545654669052
0.00511381663288854,-0.0108394127435669
0.00476732300092593,-0.0108074495374445
0.00441820651532379,-0.0106749446054984
0.00406886591516847,-0.0104833675920119
0.00371963012057961,-0.010265488035932
0.00319815004519183,-0.00994063514990827
0.00266600259011874,-0.00964548155660125
0.00211441190485659,-0.00939612467034456
0.00153473471633834,-0.00919157710570545
0.000601837126537662,-0.00893745625131943
-0.000426781608752134,-0.00870753052179982
-0.00155428091134509,-0.00841818059177753
-0.00276065279583056,-0.00792616092858462
-0.00350060348196944,-0.00744658126127839
-0.00423593783979958,-0.00671803625858277
-0.00494076071418121,-0.00564415968910484
-0.0055827283906842,-0.00414398578956747
-0.00597801838115349,-0.00279994778980412
-0.00630844752591355,-0.00124026192852605
-0.00656139960550269,0.000488543307375211
-0.00672868665156685,0.00231764039223601
-0.00680626000063838,0.00415657286371344
-0.00679384630140862,0.00590053870598539
-0.00669627513831839,0.00746222979529205
-0.00652375395744259,0.00878068735614272
-0.00631850484556421,0.00972059291362036
-0.00607337235600907,0.0104408344387419
-0.00579715379034528,0.0109530808785849
-0.00549789467474492,0.0112828212479457
-0.00514673247378081,0.0114751719547614
-0.00478231799663653,0.0115245141206927
-0.00440946613106506,0.0114709607359225
-0.00403103002859252,0.011350788791321
-0.00351327309941275,0.0111339271051247
-0.00298636109112385,0.0108951878378107
-0.00244744022794451,0.0106647912957657
-0.00189242574157847,0.0104579195097904
-0.000946276715893538,0.0101747509663369
7.12207075264717e-05,0.00993761173312596
0.00116689069371064,0.00967135612266005
0.00232931726504603,0.00923514686733405
0.00336699128430753,0.00857058811723129
0.00438490323710416,0.00735163906976381
0.00531079149101373,0.00534962049914512
0.00605705915493729,0.00250438033426863
0.00635521563054892,0.000643119025595541
0.00656170348537843,-0.00132692623108775
0.00667082023715358,-0.00329831553529565
0.00668456792504141,-0.00516596080039433
0.00661071105084421,-0.00683061167658831
0.00646002352224083,-0.00821858185680376
0.00624617053847235,-0.00929378929765912
0.00598464484568602,-0.0100586801141469
0.00572562811799521,-0.0105031132213376
0.00544924440933806,-0.0107602558735453
0.00516235737517275,-0.0108646288061258
0.00487009695393496,-0.0108532913407707
0.00450151689052409,-0.0107282854150818
0.00413307071813873,-0.0105268371780427
0.00376562776938382,-0.0102897042918752
0.00339802592245225,-0.0100464561489278
0.00281194404681823,-0.00969302006954235
0.00220545718290896,-0.00939602886653355
0.00156597292249408,-0.0091576790912997
0.000882809631987631,-0.00896383486591161
5.68593177392201e-05,-0.0087663183124585
-0.000838557438273242,-0.00855931229261602
-0.00180058120008319,-0.00828467314267431
-0.00281441664829916,-0.00784397226282201
-0.00355846309983627,-0.00734532843790106
-0.00429616398013708,-0.00658718997459638
-0.00500035668205764,-0.00547183817555489
-0.00563745381380299,-0.00392061666310281
-0.00602389068024732,-0.00254762666993409
-0.00634357010883507,-0.000964942455298641
-0.00658420656247591,0.000776764563888279
-0.00673819392936539,0.00260566917302162
-0.00680221859617273,0.00442965918801916
-0.00677677308882406,0.00614513301984873
-0.0066673486923747,0.00766782951698753
-0.00648460818389362,0.00894103888627889
-0.00627167172729583,0.00984023174495238
-0.00602027202539711,0.010521542359985
-0.00573910567301576,0.0109989169696016
-0.00543601401835725,0.0112992675610525
-0.00507902107475893,0.0114667073451931
-0.00470930812745544,0.0114967669218987
-0.00433141553096779,0.0114296133704173
-0.00394791738076364,0.0113009643115328
-0.00341828435126746,0.0110771266179182
-0.00287827406170075,0.0108367173701541
-0.00232458946599936,0.0106082264953651
-0.001752841800614,0.0104049402869687
-0.000789037637849654,0.0101291858276611
0.000249164376842825,0.00989197895530737
0.00136664605764345,0.00960875875599206
0.00254800554938274,0.009120131578413
0.00358734329063675,0.00837071409360658
0.00459421723310992,0.00701652040166978
0.00549158197170901,0.00484144716063025
0.00619042824928833,0.00183051245835204
0.00645631471538267,-9.7683454584462e-05
0.0066269851792947,-0.00209779490125994
0.00669884422743563,-0.00405620646087048
0.00667620627698478,-0.00586848769723851
0.00656903523420231,-0.00744340690309443
0.00638963115243375,-0.00872081840533457
0.00615249895182863,-0.00967811986406715
0.00587314876489126,-0.0103304560148233
0.00560031198890695,-0.0106894160354418
0.00531312426973592,-0.0108729709060908
0.00501786561700115,-0.0109176690848831
0.0047190109510335,-0.0108606787131909
0.00433327006587519,-0.0106907978541729
0.00394833636176474,-0.0104591708207827
0.00356406945379717,-0.0102053921700897
0.00317837045937024,-0.00995650080823465
0.00253478332237874,-0.00959699053530794
0.0018608464070724,-0.0093070154265065
0.00114171892325061,-0.00907731590321703
0.000366246401643169,-0.00888388647864183
-0.000515746265945255,-0.00867839791693492
-0.00146801100056445,-0.00843054973357398
-0.00248064552592393,-0.00805431136489455
-0.00352725727191607,-0.00739788546852584
-0.00423266067520186,-0.00668843673693666
-0.00490961138128064,-0.00565660175905204
-0.00552810672330007,-0.00422991909138741
-0.00605562734656272,-0.00238135112176558
-0.0063616714591139,-0.000797556742746536
-0.00659065802952249,0.00093084379849356
-0.00673453625218272,0.00272791047594806
-0.00679098139150584,0.00450889472708887
-0.00676232932320815,0.00618302948718805
-0.00665415160424099,0.00766834090604306
-0.00647557169152817,0.00890974200707614
-0.0062387798661902,0.00988291670244777
-0.0059826276028224,0.010541360016446
-0.00569750614648055,0.0109966871940792
-0.00539122990390288,0.0112749894908874
-0.00507023103872351,0.0114097479476812
-0.00467779661543062,0.0114314871334845
-0.00427652179672257,0.0113480026736642
-0.00386921145726579,0.0111999629403192
-0.00345668240166921,0.0110198178530021
-0.00284651953516739,0.0107464298939294
-0.00221784133753082,0.0104898296253226
-0.00156407293491664,0.0102663454223736
-0.0008787669591521,0.0100756149822563
0.00020544658856591,0.00981354449054075
0.00137948236282432,0.00951658669616487
0.00262942047319644,0.0090068065605304
0.00390179386438117,0.00795199225962437
0.00460921827341542,0.0069260623419645
0.0052622481316709,0.00549216990018428
0.00582691122875967,0.00361982533728266
0.00627182265067094,0.00134879822682506
0.0065052141147245,-0.000492732734326519
0.00665240771128402,-0.00238386063167518
0.00671107410280282,-0.00422740551495247
0.00668518506396777,-0.00593414991997719
0.00658325337207199,-0.00742721151224584
0.00641576313505733,-0.00865553082107262
0.00619501966975098,-0.00959792008809126
0.00593419590896922,-0.010264289615632
0.00566525424690495,-0.0106666941201241
0.00538016959649243,-0.0108882179928994
0.00508549044724782,-0.0109643128644737
0.0047860052206019,-0.0109319884938325
0.0044029338135529,-0.01078711772123
0.00401980809342679,-0.0105730044995144
0.00363702454271835,-0.010329882914418
0.00325298761118411,-0.0100860537072491
0.00262794177603921,-0.00973378937102931
0.00197699793242476,-0.00944348116148009
0.00128676840240145,-0.00921175134237166
0.000546595522027559,-0.00901956493328758
-0.000316611488934911,-0.00881859783300172
-0.00124865511339585,-0.00858745238820432
-0.0022423440473138,-0.00824909362174503
-0.00327571492349934,-0.00767001154590847
-0.00398907773741428,-0.00703588420489557
-0.00468169697874404,-0.0061028576645072
-0.005325260923816,-0.00479141117760718
-0.00588778869089227,-0.00305819485011929
-0.00622331786258435,-0.00155279014896048
-0.00648650163623747,0.000120515540668852
-0.00666793373869806,0.00189535999435095
-0.0067634451486282,0.00369201042542802
-0.00677331887592633,0.00541963418894909
-0.00670127802538925,0.00698918557250994
-0.00655503817409444,0.00833541052220498
-0.00634604358872783,0.00942215665827843
-0.0061127562585027,0.0101780029982492
-0.00584717887638545,0.0107242551980349
-0.00555748158750687,0.0110822212618637
-0.00525065656153476,0.0112828294978089
-0.00488136149291419,0.0113636744931803
-0.00450223076819595,0.011324938034314
-0.0041168553855402,0.0112073117414568
-0.00372682849767046,0.0110449275157513
-0.003168693382616,0.0107879163787019
-0.00259728511264004,0.0105334011919147
-0.00200744046686586,0.0103039588948443
-0.00139344094862439,0.0101062142191911
-0.00039089884687553,0.00984411299693578
0.000695513331152944,0.00959824359463832
0.00186502099355838,0.00925600159255119
0.00309003105034858,0.00860491951681383
0.00387253059501925,0.00789307227668448
0.00462798022462665,0.00680993030659438
0.00532079595828238,0.0052622553049174
0.00591174962622191,0.00321600389505504
0.00623813247379644,0.00153845191399651
0.00648490998702482,-0.000287450731219349
0.00664420245554506,-0.00217784992215749
0.0067142673345199,-0.00404080892585866
0.00669833519474011,-0.00577939675148439
0.00660308281751185,-0.00730829922931408
0.00643876961217181,-0.00857199757983137
0.00621862800706624,-0.00954837926706565
0.0059840109486111,-0.0101890665857959
0.00572425056667578,-0.0106224432681876
0.0054472209227166,-0.0108762477845745
0.00515933932477098,-0.0109851303100177
0.00480879880730563,-0.0109749609011106
0.00445469157151967,-0.0108581839607685
0.00409977362086969,-0.0106767936393015
0.00374472023613804,-0.010464475051853
0.00322168685002467,-0.0101456697414296
0.00268928247659615,-0.00985107341155525
0.00213957550680792,-0.00959920542480212
0.0015644999404785,-0.00939149248162851
0.000638124168279206,-0.00913457167787377
-0.000378497591232945,-0.0089061327623984
-0.00148924748427189,-0.00862124112770188
-0.00267574853509535,-0.00813673206769495
-0.00343950541718292,-0.00763738801869153
-0.00419799026877082,-0.00686957934746824
-0.004922808375771,-0.0057306563732081
-0.00557869580798014,-0.00413867636654023
-0.00596953949693199,-0.00275407197253347
-0.00629378182398478,-0.00116091917684084
-0.0065392999097307,0.000589267454037264
-0.00669866130701059,0.00242414390471455
-0.00676872845571977,0.00425150387076706
-0.00675016976925977,0.00596824860230964
-0.00664860228523425,0.0074907403887746
-0.00647473997500296,0.00876289759916064
-0.00627101748986611,0.00965925870198613
-0.00602978448880059,0.010338548702635
-0.00575967790874181,0.0108146407262644
-0.00546847903328193,0.0111142076263323
-0.00512535603398265,0.0112810460977608
-0.00477045288467174,0.0113100477946048
-0.00440831284252028,0.0112411982048411
-0.00404151178587499,0.0111101997102572
-0.00353660103926763,0.0108825082471746
-0.00302307018623979,0.0106375207642774
-0.00249757173331947,0.0104041315213017
-0.00195561226191459,0.010196200433913
-0.00102933791964126,0.00991330659992483
-2.92666136016164e-05,0.00967763288924411
0.00105243696071163,0.00942078402273378
0.00220635073352982,0.00901944532143634
0.00325240142608628,0.0084174679460874
0.00428865382493799,0.00729565648328948
0.00524351504542402,0.00540817923361297
0.00602611977839281,0.00265757624215747
0.00633754095430169,0.000871813909846332
0.0065606834520644,-0.0010438987443613
0.00668850036577956,-0.00298997378661105
0.0067212856973404,-0.00486442165295267
0.00666498992096648,-0.00656591592652018
0.00652888670388171,-0.00801348538132695
0.00632556939175157,-0.00916218651497916
0.00607004316146822,-0.0100048284888292
0.00581230632553007,-0.0105152001453352
0.00553384479569689,-0.0108316039068597
0.00524188310295863,-0.0109866163280407
0.0049419864015944,-0.0110168078362487
0.00456835568178996,-0.0109344961563948
0.00419238078283663,-0.0107667186507782
0.00381556219352689,-0.0105543598257683
0.00343737598181133,-0.0103279978654737
0.00285000653546687,-0.00999715584505717
0.00224393530505922,-0.00970998184348135
0.00160869275765338,-0.0094739645018223
0.00093498472735311,-0.00928003933565239
0.000101375371257276,-0.00907916334584064
-0.000798351911320046,-0.00887138388978639
-0.00176175304063058,-0.00859440845926743
-0.00277425402750882,-0.00814412439435994
-0.00353862375149367,-0.00761251604517252
-0.00429412229804069,-0.00679675627587459
-0.00501121049250027,-0.00559501213873411
-0.00565394157795122,-0.00393224894221408
-0.00603237088197936,-0.00250139042971426
-0.00634198918670752,-0.000870977976667703
-0.00657134491177978,0.00090193406900576
-0.00671393502557695,0.0027413250835889
-0.00676768387565936,0.00455355946400229
-0.00673430239563172,0.00623811485072547
-0.00662022461479747,0.00771592167731139
-0.00643661225619801,0.00893658490901944
-0.00622565802007895,0.00978985357745455
-0.0059791230131846,0.0104271229629832
-0.00570554111335637,0.0108648694472041
-0.00541247375596168,0.0111313954015033
-0.00506534964713617,0.0112689738625726
-0.00470753997010818,0.0112739249812809
-0.00434331052048077,0.0111866428879593
-0.00397493977568381,0.0110425340958017
-0.00346235376482797,0.0108013489407937
-0.00294071911292347,0.0105492628419345
-0.00240608660624429,0.0103136502765525
-0.00185349337161006,0.0101064897455243
-0.000921715552888655,0.00982990088992418
8.62398840958862e-05,0.00959630499896232
0.001177103774697,0.00933193351706201
0.00233918354862432,0.0089047669436854
0.00338465461435472,0.0082609400117192
0.00441361868609653,0.00706974810259671
0.00535157162544036,0.00509007019155256
0.00610640756813992,0.00224985674687816
0.00639998549903048,0.000424449341042691
0.00660275145258872,-0.00151172351751399
0.00670873408479554,-0.00345435991200386
0.00671953870125297,-0.00530059336157505
0.00664245393933523,-0.00695231920763607
0.00648776688624222,-0.00833561123828923
0.00626871751219187,-0.0094133062449996
0.0060004851242842,-0.0101860530529978
0.00573319349626163,-0.0106415097377718
0.00544699007003482,-0.0109103851421484
0.00514874262735833,-0.011026744137292
0.00484360282145519,-0.0110273890112827
0.00445825217871298,-0.0109178018608384
0.00407074710201912,-0.0107318435948374
0.00368201043094163,-0.0105096721044949
0.00329098269565697,-0.0102803091376251
0.00266839588293788,-0.00994756317932444
0.00202160198838497,-0.00966570745888716
0.00133906938542692,-0.00943633803706417
0.000611255180063134,-0.00924501864694965
-0.000255822390807745,-0.0090427400047663
-0.00118957578384816,-0.00881333499149186
-0.00218345061700163,-0.00847834760323409
-0.0032162502684913,-0.00790326122621185
-0.00394626642530954,-0.00725436427993974
-0.00465455437236397,-0.00629189225157161
-0.00531129003932734,-0.004933005876006
-0.00588291152340672,-0.00313525029843053
-0.00621807227076864,-0.0015954088067159
-0.00647954137486494,0.000109132132681968
-0.00665818948090314,0.00190861543873009
-0.00675029862416689,0.0037208118349803
-0.00675670872679552,0.00545345899584307
-0.00668171843203013,0.00701794758970645
-0.00653354894059359,0.00835066813785801
-0.00632401150818142,0.00941800376602648
-0.00609213099995126,0.0101523448101684
-0.00582946983218305,0.0106773158079165
-0.00554414488774599,0.0110155020086506
-0.00524303752454571,0.0111985908465638
-0.00487990543994361,0.0112623201417796
-0.00450827872144942,0.0112087519938202
-0.00413159738082105,0.0110788302204826
-0.00375128653637651,0.0109066334393798
-0.0032045487043478,0.0106376943474569
-0.00264561109294948,0.0103750002017113
-0.0020688299422353,0.0101405227774468
-0.0014680595325495,0.0099401382020645
-0.000487019170711154,0.00967838334651995
0.000579030199288153,0.00943844633650206
0.00173108937038671,0.00911788600930076
0.00294502717414186,0.00852686689199079
0.00372049065593904,0.00789156834858322
0.0044765387865087,0.0069201303936412
0.00518026410606628,0.00551484998127878
0.00579393596761888,0.00362392919642222
0.00614273791364721,0.00204571971556269
0.00641683486256622,0.000296451146913204
0.00660691925757592,-0.00155106089852725
0.00670928346822036,-0.00341108565698112
0.00672494662134653,-0.00518746503224259
0.00665855893011809,-0.00678821441015461
0.0065188017197829,-0.00814771703031011
0.00631801282421656,-0.00923174299214389
0.00609679811171351,-0.00996778326490478
0.00584627645643111,-0.0104910689095552
0.00557465773483794,-0.0108247387019492
0.00528888784268562,-0.0110010050989744
0.00494545592817586,-0.011054472998362
0.00459587586618369,-0.0109885132996285
0.00424364689005347,-0.0108447463711574
0.00389021119646868,-0.010657995392122
0.00338461826315926,-0.0103679236618403
0.00287142873809122,-0.0100858670037978
0.00234461127210446,-0.00983534237525528
0.00179747842097182,-0.00962336844283414
0.0008977877884327,-0.00935578842786017
-8.36039717924703e-05,-0.00912910495898926
-0.00115365958485981,-0.00887167930659551
-0.00230111805728433,-0.00846754763033454
-0.00312634770054647,-0.0080113410879951
-0.00395442627075362,-0.00727934568864887
-0.00475306582111844,-0.00614402526390687
-0.00547998937248171,-0.00449473034227124
-0.00588758994364476,-0.00312337605903702
-0.00622920360909445,-0.00153267490089956
-0.00649197526824073,0.000228104522401002
-0.00666771706393327,0.00208704141112377
-0.00675258582883292,0.0039501698761992
-0.0067466963005545,0.00570971252935598
-0.00665540677028193,0.0072770160475223
-0.00648955400696372,0.00859139226492267
-0.00629351338990709,0.00951179917640245
-0.00605945854065296,0.0102129245032805
-0.00579613930832245,0.0107075742814429
-0.00551149259596361,0.0110218868882675
-0.00517770709930985,0.0112000272973208
-0.00483241086342177,0.0112372305741222
-0.00448028885817139,0.0111734087344275
-0.00412406022803933,0.0110445603185316
-0.00363672125418506,0.0108171409956242
-0.00314236465672838,0.0105695113185926
-0.00263784103910366,0.010331706572711
-0.0021187552953679,0.0101188248580347
-0.00122104500953129,0.00982718514515183
-0.00025190422374425,0.00958951886093472
0.000798605124430546,0.00934696109178907
0.00192527961758178,0.00899832460571356
0.00299037324899404,0.00847691697310086
0.00406080842036854,0.00748212206555209
0.00506649331825621,0.00574725250223939
0.00591242710087622,0.00311976529571416
0.00624589742936231,0.0014422599781561
0.00649743563203675,-0.000391132495706661
0.00665845123456778,-0.00229396048247031
0.00672692824058327,-0.00417108635533824
0.00670616001626457,-0.00592133823942632
0.0066030717780528,-0.00745548055217634
0.0064284148750058,-0.00871633937892631
0.00619612560494191,-0.009682172486601
0.00595324413780745,-0.0103013082603656
0.00568519666607973,-0.0107162930693885
0.00539974778068189,-0.010955613435011
0.00510316789747288,-0.011054246958669
0.0047409991265082,-0.0110371508088705
0.00437431400162235,-0.0109184775242569
0.00400561095913777,-0.0107395165773863
0.00363534592096918,-0.0105329116774417
0.00308345054530938,-0.0102240869348432
0.0025182555954351,-0.00994128913982374
0.00193167724863782,-0.00970043471879031
0.00131577557976853,-0.00950073261675408
0.000327183733910349,-0.00924485546894883
-0.000756635909004706,-0.00900048897386147
-0.00193428638347068,-0.00865659097315196
-0.00317542122019377,-0.00800659973347233
-0.00391363170152378,-0.00735852187064736
-0.00463033136023405,-0.00639222653679386
-0.0052950949926929,-0.00502232466043861
-0.00587359299605962,-0.00320498286683687
-0.00621071869573496,-0.00165567509712561
-0.00647378335595021,5.92509007623795e-05
-0.00665363639379493,0.00186917868793889
-0.00674659416181007,0.00369100928906174
-0.00675357485977027,0.00543161582066245
-0.00667898833299281,0.0070017794281133
-0.00653118426658574,0.00833766321128487
-0.00632210656254323,0.00940577951577056
-0.00609123047977264,0.0101381065509842
-0.00582990359803557,0.0106604841922948
-0.00554625560463002,0.0109957572693944
-0.00524716866127082,0.0111758166003227
-0.00488657566845765,0.0112360489523969
-0.00451792353483833,0.01117899804043
-0.00414464099379832,0.0110457545841146
-0.00376813393021029,0.010870499726637
-0.00322678695626382,0.0105974635628739
-0.00267389285590388,0.0103314558589353
-0.00210369743511121,0.0100945413805423
-0.0015099350354594,0.00989261127095383
-0.000540031024195729,0.00963060977759428
0.000514631155773418,0.009393395143831
0.00165596341131334,0.00908329631834161
0.00286174122697157,0.00852162540555016
0.00363915274427805,0.00791703907294689
0.00440037072092409,0.00698809292042828
0.00511313322997582,0.00563409466795072
0.00573978583097743,0.00379560581096389
0.00609827594330691,0.00225442928009234
0.00638379801228002,0.000533603318985693
0.00658647662198442,-0.00129818130982431
0.0067018522517829,-0.00315756311507437
0.00673011046281754,-0.00494872937110635
0.00667513091219941,-0.00657711794023885
0.00654500765811918,-0.00797324224821172
0.00635176877665881,-0.00909828516288099
0.00613612366884337,-0.00986935342493351
0.00588964467344993,-0.0104261421503348
0.00562064830795845,-0.0107899341031967
0.00533626613794281,-0.0109918787564203
0.00499607277156139,-0.0110691559406383
0.00464880179967993,-0.0110224895641392
0.00429820574244685,-0.0108932572024935
0.00394599290799308,-0.0107166124414416
0.00344716136700961,-0.0104375692836683
0.00294123239191063,-0.0101607587980994
0.00242279654143823,-0.00991127442221492
0.00188563461480583,-0.00969798453652179
0.000993917459699304,-0.00942541578663706
2.31333596276613e-05,-0.00919771215098916
-0.00103466961394214,-0.00894762549822448
-0.00217039434486943,-0.00856735134541793
-0.00322063445202982,-0.00800581418687683
-0.00426887639847882,-0.00695210247017704
-0.0052425682050443,-0.00514755054975765
-0.00604616056378083,-0.00246594316126442
-0.00635912784405235,-0.000750467088520763
-0.00658602085614439,0.00110500368111231
-0.00671895402276703,0.00300733214221477
-0.0067571280226098,0.00485829815238246
-0.00670528744392058,0.00655726115235777
-0.00657159801641885,0.00802026180428746
-0.00636779001176388,0.00919781265162778
-0.00610837128665139,0.0100771238464899
-0.00584365279899308,0.0106229992433478
-0.00555530306192283,0.0109738576948417
-0.00525067227170362,0.0111607484732126
-0.00493551120307199,0.0112195222117798
-0.00454437058192002,0.0111688533369968
-0.00414771568111668,0.0110294847275485
-0.00374732320076198,0.0108416437940137
-0.00334299530334461,0.0106357082837167
-0.00272078030020977,0.0103327681963048
-0.00207665678388078,0.0100642395234227
-0.00140167134192631,0.00983877413823007
-0.000687908719025294,0.00964849785153571
0.000189378291108969,0.00944307088588595
0.00112952009903654,0.00921374782288981
0.00212658467978396,0.00887775893324865
0.0031599475794849,0.00829512868409854
0.00391864777114395,0.00760246724443885
0.00465195361718612,0.00656228880885997
0.00532677408204515,0.00508727024310529
0.00590647732661964,0.00314139924243903
0.00623447142412852,0.001518849098558
0.00648524782834865,-0.000256753828377663
0.00665052784621286,-0.00210713935114392
0.00672787083104467,-0.00394441450281143
0.00671962887833758,-0.00567393311515502
0.00663158348250436,-0.00720975102504375
0.0064731986518283,-0.00849377211170626
0.00625711442364272,-0.00949984815209808
0.00602342567712574,-0.0101732893058378
0.00576250122188516,-0.010639251402545
0.00548228183012709,-0.0109235773358287
0.0051893312758517,-0.0110597920613553
0.00483365542518349,-0.0110778336665046
0.00447239055249067,-0.0109857196401492
0.00410853052745246,-0.0108249300656469
0.00374301853834389,-0.0106291702502216
0.00320921777528081,-0.0103317538093486
0.00266451914236078,-0.0100514005917381
0.00210192618195842,-0.00980773924768617
0.00151417943391953,-0.00960379557562765
0.000561487484673032,-0.0093450148650709
-0.000480036847531094,-0.00911132151825569
-0.0016128948519099,-0.00881005089743684
-0.00281578388062457,-0.00827652516270518
-0.00357852438667005,-0.00772205381852955
-0.00432990977976512,-0.00687383314070047
-0.00504019066166147,-0.00563259864655595
-0.00567373150076572,-0.0039296004739599
-0.00604608343662235,-0.00246988146044531
-0.00634890030956693,-0.000816830982778579
-0.00657127522952361,0.000969676110444876
-0.00670731640514882,0.00281207301956174
-0.00675556874193219,0.00461675416806823
-0.00671830856546191,0.00628550494602871
-0.00660234780432485,0.00774221659453392
-0.00641895874141869,0.00893963442694479
-0.00620896910768699,0.00977580782903599
-0.00596466636504801,0.0103962231667845
-0.00569452884509333,0.0108183869524825
-0.0054060165226266,0.0110711786104253
-0.00506336293828798,0.0111959411431327
-0.0047110580540278,0.0111893547522649
-0.0043532811805905,0.0110921145059953
-0.0039922067479015,0.0109396991468519
-0.00348860855566118,0.0106884643907104
-0.00297699558149093,0.0104289018147149
-0.00245311560178671,0.0101881713028588
-0.00191171833178958,0.00997784857006366
-0.000999831856503501,0.00970010258545586
-1.18298032148686e-05,0.00946822774638984
0.00106004817282838,0.00921354508472124
0.00220626688022918,0.00881824723910616
0.00325268316931345,0.00822862061899577
0.00429173368925389,0.00712849851175483
0.00525134065728154,0.00526832291645311
0.00603897241701088,0.00254234576401928
0.00634956010986615,0.00078365492117932
0.00657263203104143,-0.00110726473461198
0.00670089463969842,-0.00303319353796875
0.00673430526393534,-0.00489373237070515
0.00667842931247202,-0.00658822794457842
0.00654216510758778,-0.00803519089152077
0.00633779611254865,-0.00918854374228097
0.006080123941455,-0.0100394895053029
0.00581922496939941,-0.0105593088516778
0.00553657844523899,-0.0108856337173762
0.00523941886653103,-0.0110505046429154
0.00493334184354331,-0.0110901719991829
0.00455210717118435,-0.0110191710248378
0.00416718907629193,-0.0108622377830419
0.00378014893328561,-0.0106598609703222
0.00339055012453872,-0.0104423558246381
0.00278656127723518,-0.0101240008941874
0.00216198858663298,-0.00984575508754517
0.00150694324908204,-0.00961511620546973
0.000812709742599428,-0.00942321229396879
-4.04628352757556e-05,-0.00922103421703987
-0.000958442656935949,-0.00900442806485736
-0.00193719684295263,-0.00870280200354459
-0.00295947960598432,-0.00819650143544764
-0.00371394037397174,-0.0076028338592568
-0.00445272982990336,-0.00670318554327893
-0.00514561021130288,-0.00540330186756812
-0.00575726592331344,-0.003644788114842
-0.00611505459482262,-0.00214337917628122
-0.00640126027522471,-0.000460019468728857
-0.00660572413061254,0.00134042393768259
-0.00672351816128604,0.00317757920703409
-0.00675424092339786,0.00495758978864839
-0.0067011408416718,0.00658583592358863
-0.00657174888758462,0.00799140893022623
-0.00637767742283226,0.00913304884829204
-0.00615926543958203,0.00992391929537667
-0.00590832821769135,0.0105011735819228
-0.00563320481639774,0.010884747969124
-0.00534111045248256,0.011104939691835
-0.00499208480880253,0.0112007600014197
-0.004634258296011,0.0111711515327917
-0.00427149562011637,0.0110570592023644
-0.00390564413109053,0.0108934804776502
-0.00338894198066543,0.0106312318908659
-0.00286308968973438,0.0103673894477559
-0.0023231807498267,0.0101271254007436
-0.00176349337436944,0.00991972831764158
-0.000833551765213925,0.00964950774933959
0.000175953630672864,0.00941823606854965
0.00127091291845115,0.00914837379412035
0.00243779990414091,0.00870419172200854
0.00325803856706859,0.00819867260659036
0.00407437912116103,0.00739115968563003
0.00485359195663914,0.0061584656504187
0.0055538692813348,0.0044062809793281
0.00594589328750006,0.00295831861222678
0.00626914307731126,0.00130382804030359
0.00651192264653734,-0.000499480595542222
0.00666752794855799,-0.00237408878948354
0.0067337506952573,-0.0042239803695044
0.00671230293577801,-0.00594556012371631
0.00660974147019336,-0.0074570520786483
0.00643747159537276,-0.0087059700819772
0.00623815137268802,-0.00957381821647541
0.00600401893997235,-0.0102227004048597
0.00574370186434113,-0.0106687940700068
0.00546486212059094,-0.0109403178789654
0.00513568603230632,-0.0110795321840556
0.00479738833652088,-0.0110826566391539
0.00445437001489167,-0.0109904353555631
0.00410902195870294,-0.0108389049535406
0.00363223630004256,-0.0105854051124234
0.00315012986385803,-0.0103195911773972
0.00265873747754891,-0.0100704867674236
0.00215292807612232,-0.00985160418073506
0.00128832600602637,-0.00956101185164387
0.000351716179043976,-0.00932662220867981
-0.000667745726337137,-0.00909287974140343
-0.0017668043208229,-0.00877398068063012
-0.0028545221347531,-0.00829570296464779
-0.00395865289104271,-0.00736797454594523
-0.00500698110044355,-0.00570328305011758
-0.00589668737262902,-0.00310733639434388
-0.00623435852891112,-0.00149795950414523
-0.00649335312266433,0.000275642343649984
-0.00666446923730564,0.00213456768675006
-0.00674465211435312,0.00398878338761102
-0.00673591341176368,0.00573951959567646
-0.00664391587521001,0.00729568026929985
-0.00647832493708553,0.00859559616516402
-0.00625231695075111,0.00961120062301951
-0.00601124192438703,0.0102803213925732
-0.00574219647241244,0.0107429519385627
-0.00545311852767389,0.0110251550193507
-0.0051505547778669,0.0111606501871236
-0.00478337743577209,0.0111798858766743
-0.00440943997654274,0.0110914054661256
-0.00403163309127032,0.0109361816014311
-0.00365082833132282,0.0107472767627705
-0.00309141768969248,0.0104602409539808
-0.00251816537600324,0.0101900572514665
-0.00192420385166662,0.00995501902877154
-0.00130254523801689,0.0097570364814862
-0.000768599865605901,0.00961507195521985
-0.00020950551346606,0.00948295493278868
0.000376032969228417,0.00934927103691534
0.000987971222276505,0.00919874344340915
