0,0
4.84124297208321e-05,-1.08442400856053e-05
0.00018688803649098,-4.16901623613289e-05
0.000399843324948653,-8.373201729936e-05
0.000664440170701041,-0.000119796651963657
0.000952472279751856,-0.000127831093411315
0.00123427775322245,-9.8447892735424e-05
0.00148126876876368,-4.52455399392988e-05
0.00166735707888041,-5.8877376149772e-06
0.00176739500869669,-2.72192439578922e-05
0.00177770296882506,-0.000125133567397114
0.00169290734666786,-0.000287810986714465
0.00151773441535313,-0.00047266828863814
0.00126699045649351,-0.000619534560281973
0.000966049581457224,-0.000696810028844308
0.000643985856687672,-0.000701184141695024
0.000331101527811962,-0.000655331105610846
3.71033349560989e-05,-0.000593389229516566
-0.000183801305281765,-0.000542763300852026
-0.000311915467870677,-0.000514237086460405
-0.000338050441218088,-0.000508155341044843
-0.000254138744089912,-0.000522615116391151
-7.20167094616256e-05,-0.000561549995268778
0.000179253701936989,-0.000617546222667644
0.000462349846731175,-0.000670818822282584
0.000765919384790247,-0.000695025352998001
0.00100116298412542,-0.000691569280057164
0.00112347196656633,-0.00068597756072654
0.00110503363520503,-0.000700793186473649
0.000980627463712376,-0.000729072223989063
0.000768009790143535,-0.000739783828401075
0.000486412096861912,-0.000713987309964318
0.000162807774702162,-0.000653045495229567
-0.000168093324010958,-0.000578378931838273
-0.000477630855771876,-0.000517857463833186
-0.000738271054268002,-0.000483973311145863
-0.000927486783609365,-0.000468644269940312
-0.00103551648754248,-0.000444879856109257
-0.00101543603653072,-0.000406926249911268
-0.000873402954012146,-0.000367900547351578
-0.000633318563030498,-0.00035575913560379
-0.00035208076676658,-0.000391801792846969
-5.96331035426186e-05,-0.000451329655132098
0.000204363278646481,-0.00050878712209112
0.000404699900104864,-0.000547618833436417
0.0005098952730121,-0.00056338182409923
0.000517962778971372,-0.00056376941072307
0.000425138501562654,-0.00054914047698801
0.000238998114296478,-0.000514596195610106
-2.21512413138529e-05,-0.000455117430217535
-0.000330772205074301,-0.00039008450412514
-0.00065615238284357,-0.000341954577737357
-0.000966530446931377,-0.000326118253300466
-0.00125407037656376,-0.000346222591138879
-0.00145134517861696,-0.00035075467879312
-0.00153292850250631,-0.000295908296748297
-0.00148710730924753,-0.000174888254057385
-0.00134682967953552,-4.32148439205809e-05
-0.00112934743185991,6.35041259563649e-05
-0.000858432235094463,0.000114939927734984
-0.000563659488630455,0.000107613102052842
-0.000235274594300871,5.38383459260017e-05
3.57684091281242e-05,-6.97509572620064e-06
0.00021409934114629,-4.72852782521782e-05
0.000277575602443232,-5.95807632896249e-05
0.000210422814197252,-4.66762073794516e-05
1.81016268359693e-05,-3.82404517048971e-06
-0.000269442642242656,5.92411447907962e-05
-0.000608991427377661,0.000114888502328167
-0.000930717908368923,0.000127453358282092
-0.0012104741026135,0.000107082733765859
-0.00141113789473538,8.44921628311465e-05
-0.00150411884648797,0.000103097355886118
-0.00148222215825052,0.00018096075060115
-0.00136244202722392,0.000287596518725445
-0.00115502193931459,0.000384814426814724
-0.000880749329588324,0.000438086474329839
-0.000570073592472148,0.000427575305664147
-0.000255382248165006,0.000377014774241075
3.21318738527341e-05,0.000314900696169845
0.000265228967112224,0.000263192585629901
0.000435323091913083,0.00023054597720944
0.000491264564125588,0.000218756983161956
0.000429027274593087,0.000224979848146342
0.000259830691024817,0.000253543505373549
-5.14091591669735e-05,0.000326377617847496
-0.000414244454141077,0.000397767943315588
-0.000757532144650129,0.000431710521735644
-0.00101458269388436,0.000430191742869951
-0.00112645542788441,0.000432325006791709
-0.00109220768457914,0.000457664841339327
-0.000910921917832494,0.000491067454913633
-0.000606893383926933,0.000492943549629814
-0.000295736426371095,0.000443533274173918
3.28595363980852e-05,0.000373017617909135
0.000344934215766857,0.000307963315474592
0.000609251000985601,0.000264798894912853
0.000819672224880597,0.000243216900196326
0.000905231545662294,0.00022556872019346
0.00085588711825984,0.000201862260670542
0.000681292231758032,0.000188893873551537
0.000395820345306311,0.000221441850765552
5.81618947990823e-05,0.000287447466363041
-0.000274370600656061,0.000357094581402526
-0.000546661175856761,0.000404429546732045
-0.000713187161064444,0.000421403554267377
-0.000735588097566515,0.000425138750134811
-0.000605834143268323,0.00041789833972831
-0.000341647725337376,0.000382758939982851
-1.8754389560066e-05,0.000311094792918947
0.000336852173119329,0.000236173927712416
0.00067971159788349,0.000188083007706807
0.000966891514170885,0.000173863625987979
0.00116827140344286,0.000172633751745213
0.00123634397284079,0.000141814044677941
0.00116012382260875,7.29076749684323e-05
0.000951300793440502,3.28775793437256e-06
0.000668179391117746,-8.62722073568265e-06
0.000342794961906516,2.95943038812808e-05
2.04120157616271e-05,9.50824034317489e-05
-0.00025549249663579,0.000157495278910159
-0.000451698606370863,0.000192907909737333
-0.000529868201788706,0.000205922042562558
-0.000478450594231591,0.000200996134380861
-0.000304229653426228,0.000172710651163005
6.0914659188382e-05,8.48358583413637e-05
0.000498897154888135,3.31846543993205e-06
0.000913067536485473,-2.181475932903e-05
0.00121297050684845,-9.89012793287713e-06
0.00131002245130697,-1.9546181416195e-05
0.00131461296755763,-6.25169201878895e-05
0.00122433510942692,-0.000131617552921172
0.00104707038537699,-0.000199515957854884
0.000800639237804,-0.000229489352150227
0.000512190433156285,-0.000213541629385064
0.000211620751521365,-0.000161968303760965
-7.07644342528245e-05,-9.79290483641625e-05
-0.000335386213572788,-4.35336160889005e-05
-0.000506070264382295,-1.21421982664564e-05
-0.000562115474000084,2.31950246703879e-07
-0.000497638673998051,-5.05266871575559e-06
-0.00031564138251922,-3.47173745685655e-05
-4.51860923476446e-05,-9.10284853272635e-05
0.000274821286000082,-0.000159648708581458
0.000599577029830836,-0.000213690233757175
0.000896816179214552,-0.000226294009760917
0.00110102270544519,-0.000224518721464196
0.00117839713906771,-0.000241011933528545
0.00111336907647993,-0.000284839283911197
0.000909954715072849,-0.00033089905592253
0.000600552494842705,-0.000330994665015578
0.00023215072631227,-0.000273404134451373
-0.000139844212225711,-0.00018846033031502
-0.000447220968605641,-0.000130026718781068
-0.000664544009291927,-9.68695939770956e-05
-0.000763639911770451,-7.93835036955246e-05
-0.000732490277289643,-7.0269829006056e-05
-0.000597616772660214,-7.22329766324097e-05
-0.000380146689406841,-9.98686585186594e-05
-0.000106886821566416,-0.000154791150538738
0.000189234963380098,-0.000221569967169068
0.000510292972375545,-0.000277978063866076
0.00076460474383209,-0.000305596786031207
0.000913098285924931,-0.000315005936688103
0.000931533632078706,-0.000324289183349131
0.000839181563377177,-0.000339346775686151
0.00065671892160355,-0.000338130559802307
0.000402720636264282,-0.000306564517250678
0.000103786026035948,-0.00024664222874868
-0.000210138818112143,-0.000176088643595111
-0.000503919859519251,-0.000121382598757931
-0.000747995447134453,-9.3366363035548e-05
-0.000918084291713531,-8.31530505724975e-05
-0.000999177683765893,-6.48508817506258e-05
-0.000947313033479944,-3.77472428441691e-05
-0.000770295918597276,-1.83392070923574e-05
-0.000494967006719724,-3.1906206345284e-05
-0.000206702295507099,-8.4461446132925e-05
8.92235757009877e-05,-0.000149712079121827
0.000359405163772039,-0.000204769174822698
0.000573968110678886,-0.000238433724326052
0.000724981415440642,-0.000255531189424056
0.000731379268199859,-0.000260609902960771
0.000589919731809282,-0.000253191893726432
0.000321921055733339,-0.000216792219450635
1.21119732875542e-05,-0.000148077983710834
-0.000322408684768562,-7.71194479318646e-05
-0.000640376632174907,-3.03510832958393e-05
-0.000903313696118841,-1.40349009841302e-05
-0.00108856199205475,-1.0777489717846e-05
-0.00114036505377761,1.30224742707146e-05
-0.00104924640481594,6.24914493036423e-05
-0.000828245170341045,0.000103910593657511
-0.000526255612113637,8.85446201385702e-05
-0.000183851680324738,3.0506273172161e-05
0.000149859467485512,-4.1160911750447e-05
0.000428432638532269,-9.79069907391574e-05
0.000615736841764165,-0.000124702038269726
0.000674910052381551,-0.000134616142619023
0.000596812225349585,-0.000132913980893654
0.00039294578166658,-0.000108540812573922
5.05430109179701e-05,-3.28459684093063e-05
-0.000342900003385896,4.88649100205582e-05
-0.000714673424560554,9.51930239190013e-05
-0.000997178382910797,0.000103718360679407
-0.00112932037912713,0.000111938789386477
-0.001115077906167,0.000144983899873793
-0.000953858406119074,0.000190377520073029
-0.000670041792026422,0.000207522441921082
-0.000366846593023902,0.000168236050624475
-4.6491229256283e-05,0.000102653207288655
0.000254040287457041,3.78933949583521e-05
0.000501077408191787,-7.60517113400884e-06
0.000681730162585287,-3.12594820330733e-05
0.000730612536754195,-4.16983445900919e-05
0.000640783821795076,-4.33217402184108e-05
0.000426477504910767,-2.22282981076844e-05
9.9455556233617e-05,4.65815337834991e-05
-0.000269103397022927,0.000125465440408879
-0.000616363463411992,0.000177728434156222
-0.000884146884258725,0.000195168160765301
-0.00102255708898024,0.000202519411586678
-0.00101257361895056,0.00022332745729851
-0.000852548906265371,0.000249284750504431
-0.000566660358122699,0.000246184872935014
-0.000259990497506086,0.000194588172211085
6.51124202949824e-05,0.000124102748692657
0.000370978503676392,6.17966097231181e-05
0.000623123549322191,2.29120867468026e-05
0.000810275747175392,4.41851085744794e-06
0.000857826775227336,-8.99912474178397e-06
0.000758435446900796,-2.19728087097677e-05
0.000528595431315818,-1.33818501939762e-05
0.000202870881288769,4.65793571085387e-05
-0.000158119538797135,0.000124808949855726
-0.000495050526278783,0.000185194980799026
-0.000753682050415716,0.000213784875816383
-0.000890824977439306,0.000225303599107813
-0.000873422557359574,0.000236938143107367
-0.000701673349520858,0.000241729500362529
-0.000403129412701328,0.000213627777586387
-9.9515028865304e-05,0.000150625539593591
0.000218401872870228,8.06764522426478e-05
0.000515127491940801,2.7965571373257e-05
0.000758262309235554,1.20083986549744e-06
0.000937228099101533,-1.00719730177556e-05
0.000980408352707845,-2.7238934200149e-05
0.000880439576509341,-5.39094108559901e-05
0.000652661984798226,-6.35000441002064e-05
0.00033138166983113,-1.81531668304856e-05
-2.66788354743745e-05,5.62836792483782e-05
-0.000364946698368214,0.000124438905058172
-0.000631313730792195,0.0001651093925476
-0.000787334173124528,0.000181693762392616
-0.000785388753467659,0.000189297992026265
-0.000624069213526978,0.000185396107012608
-0.000330726007764106,0.000149020480761064
-2.69035491339609e-05,8.25127085164576e-05
0.000292773560615363,1.37011285341678e-05
0.000591012176616016,-3.35595775809063e-05
0.000833665834392033,-5.33847611741828e-05
0.0010045388427424,-6.04531331341332e-05
0.00104180733942464,-7.96238731370145e-05
0.000938186246419842,-0.000113153219830274
0.000708467914609901,-0.000131513838136993
0.000389288893895803,-9.37661904089765e-05
3.28309475929674e-05,-2.24096766689941e-05
-0.000307071084452209,4.83707145714186e-05
-0.000580493994414263,9.46040876725989e-05
-0.000749967819435088,0.000113780040625667
-0.000773665925821338,0.000122727551757677
-0.00064696833956042,0.000122875020010039
-0.000390487159835362,9.55454186634492e-05
-8.02418708033894e-05,2.97521203733188e-05
0.000256455072038384,-4.32379345932314e-05
0.000574174507794803,-9.48495012889165e-05
0.000830864041729942,-0.000116350519683623
0.000998484684149622,-0.000123217825491849
0.00102548181272385,-0.000141661272293356
0.000905228292193607,-0.000171982233614672
0.000655357977139161,-0.000182559922228902
0.000332825838194861,-0.000136901649669082
-2.08134606843406e-05,-6.31017180809343e-05
-0.000354879612075947,5.0728553316349e-06
-0.000622804678812604,4.71428262933172e-05
-0.000793309791098383,6.53316577539452e-05
-0.000813686002337923,7.62472506411317e-05
-0.000680142509221376,8.04114045466881e-05
-0.000415414606817997,5.6272011483267e-05
-0.000108652559245815,-7.01292989719793e-06
0.000220714089916709,-7.90764396463962e-05
0.000529195032198376,-0.000132296863938151
0.000776843155566225,-0.000157082393015566
0.00093917480171888,-0.000166173607433672
0.00095946593958549,-0.000181050805015181
0.000832057150206376,-0.000201299710835838
0.000575771412142315,-0.000198467597314378
0.000257844683438721,-0.00014487802235463
-8.88351610789134e-05,-7.00790800948168e-05
-0.000417073914704095,-5.76371592958389e-06
-0.00068332726354427,3.11700349066304e-05
-0.000861605970625828,4.66837516668326e-05
-0.000890115094191373,6.07495072373715e-05
-0.000763452927695381,7.47584014954945e-05
-0.000503092164700135,6.28321757667049e-05
-0.000191732657028801,4.61334645705728e-06
0.000144436200692006,-6.89663819561724e-05
0.000459106030359766,-0.000127942695426029
0.00070986944068507,-0.000159058829149815
0.00087012594434579,-0.000171728954377806
0.000881653556228999,-0.000183553988524611
0.000740439878546336,-0.000193146167791752
0.000468748512516963,-0.000174919675765683
0.000158449257035169,-0.000114166919706636
-0.000174774155572593,-4.09680521785768e-05
-0.000488786071066543,1.64799585621617e-05
-0.000744780447588698,4.62016188959218e-05
-0.000922612036828378,5.79565187024149e-05
-0.000957196451051046,7.40834012783359e-05
-0.000841783020053201,9.67821532540423e-05
-0.000594667091136907,9.80493494990664e-05
-0.000274126867597616,4.61015266612338e-05
7.68572870374534e-05,-2.90503187465863e-05
0.000406377628934115,-9.37942479680609e-05
0.00066688736113289,-0.00013054433489164
0.000826288885395055,-0.000146173808763242
0.000828234633699491,-0.000156287158039046
0.000670854293192823,-0.000158273025633522
0.000381007007704995,-0.000128448423127775
7.71799821577504e-05,-6.41872139674441e-05
-0.000243032543083082,5.81016671962088e-06
-0.000541539449699126,5.67028344068463e-05
-0.000783532563414595,8.06059575075522e-05
-0.000874003765199239,8.50784340338383e-05
-0.000939883161913661,8.87261718083813e-05
-0.000979025296143711,9.41085920361452e-05
-0.000990051585028998,0.000102608133188693
