0,0
8.84399812439578e-05,-1.82999525044209e-05
0.000343010185178531,-7.33705086437653e-05
0.000752709576982926,-0.000132419448156729
0.00131336855500323,-0.000118590193181438
0.00154857844766378,-7.50297857070341e-05
0.00180483568889701,-1.78013286117448e-06
0.00208363319979994,0.0001056033103129
0.00238664915635453,0.000249391051513434
0.00271550302444271,0.00042829882039222
0.00307184166759817,0.00063551156509068
0.00345602662063862,0.000853449673213246
0.00386642384664099,0.00105130230585186
0.00430309216007999,0.00118549022940957
0.00475344010665115,0.00118274897318224
0.00520262325643965,0.000962251756342634
0.00562971929906382,0.000442585747274555
0.0060295403744899,-0.000516855780826206
0.00633764421607368,-0.00187917902520564
0.00652137390034475,-0.00355224272902806
0.00656211397373714,-0.00540472887159439
0.00647603735560965,-0.00699902739093388
0.00628240177235586,-0.00839275941356078
0.00599633339928594,-0.00948366670380744
0.00564054810211243,-0.0102274262934287
0.0053036572300864,-0.0105951774823514
0.00494675141028743,-0.0107561108954399
0.00458026073865617,-0.0107495441964252
0.00421222190872404,-0.0106213310622821
0.00380276718505147,-0.0103856503797293
0.00340221590016522,-0.0100956452540437
0.00301220209924907,-0.00978792271310357
0.00263234788480106,-0.00948889015097345
0.00204298905520285,-0.00906930344636677
0.00146222998137029,-0.00874170148017739
0.000877734401417296,-0.00850638385975738
0.000278818232010206,-0.0083401522918135
-0.000497975756885893,-0.00815846942558588
-0.00130779364387935,-0.00785338038785221
-0.0021246425167788,-0.00722124663702346
-0.00289015731136971,-0.00603167546387474
-0.00326855521829954,-0.00503726612452294
-0.00358566142714872,-0.00382932197849294
-0.00382656976205528,-0.00245752239594648
-0.00398270480966961,-0.000994606726417667
-0.00404436469829314,0.000171039217396525
-0.00405181733143371,0.00127509526496606
-0.00400969665256778,0.00227317283073615
-0.00392530485421984,0.00313410226759713
-0.00380762964865485,0.00384077757183086
-0.00366572311856303,0.00439043759111721
-0.00350846653831302,0.00479044559633135
-0.00334404963483388,0.00505763344108713
-0.00316815789723661,0.00522127190920214
-0.00299913615047179,0.00528182688866375
-0.00284241699847372,0.00526256389823892
-0.00270201719623037,0.00518430438481777
-0.00254649436328488,0.00501896610907948
-0.00242763728271436,0.00480477120726125
-0.00234755626464013,0.00455825305366909
-0.00230729612578976,0.00428874460553487
-0.00232064877290195,0.00385728498829235
-0.0024209809818675,0.00337601728502961
-0.00260992949621984,0.00283537197190733
-0.00288973336628269,0.00222854619886355
-0.00313653170710663,0.00177373805760414
-0.00342817992951385,0.00130145468896088
-0.00376304719920689,0.000839537746522643
-0.00413605924981888,0.000436527383860316
-0.00453820782172198,0.000159967319389829
-0.00495169990347294,0.000117443391000023
-0.00534994212797697,0.000416230697250182
-0.00569866192953554,0.00114113485775624
-0.00594654964183964,0.00226234543662997
-0.00608101276389327,0.00370594618879021
-0.00607825997603281,0.00531495290112351
-0.00593184478657215,0.00694682393921778
-0.0056966808032752,0.00822573389692014
-0.00537097438659904,0.0092672849372945
-0.00497104921456967,0.0100252088095397
-0.00451605379497826,0.0104993037625579
-0.00406747117949651,0.0107186197055865
-0.00359891419718431,0.0107785975198749
-0.00311841527672791,0.0107249002333595
-0.00263133827142324,0.0106016882776615
-0.00202245836766037,0.0104074572448919
-0.00140835531570211,0.0102092982480631
-0.000787737210106207,0.0100326996357296
-0.0001582986082528,0.00988018840817559
0.000700564588594946,0.00967755690934957
0.0015755496272916,0.0093569009602789
0.00244550156565893,0.00873216728060893
0.00326638479038198,0.00757276343862328
0.00372639290792723,0.00647472199820504
0.00412103588301643,0.00507905466651183
0.00443127484474749,0.00342287806654859
0.00464359851303323,0.0015826787211313
0.00475024198111971,-0.000321806799594176
0.00475108052573032,-0.00213889622844277
0.00465452524528051,-0.00374603234013495
0.00447740911841975,-0.00506249159999594
0.00429002173630984,-0.00588855698054125
0.00407467107337572,-0.00650396702976101
0.00384177246353283,-0.0069257350814308
0.00360060587965955,-0.00718219736846821
0.00333760736570263,-0.00731258230517119
0.00308147319263681,-0.00732386527979415
0.00283772217046847,-0.00725047115400323
0.00261007936459625,-0.00712166524846312
0.00233089262239059,-0.00689835377519355
0.00208701937757031,-0.00665056068782179
0.0018783880759676,-0.00640169890646931
0.00170355466676358,-0.00616468096575268
0.00150741972222452,-0.00585477784553485
0.00136775328348276,-0.00557887460307879
0.00127746516767125,-0.00533176513045502
0.00122970102053066,-0.00510460346521268
0.00122058117383045,-0.00483067977525629
0.00126056827178311,-0.00455612080587303
0.00134268892123387,-0.00426711617908445
0.00146080238889798,-0.00395135839650453
0.001609782283649,-0.00360219999775684
0.00178737291902041,-0.00321944346535829
0.0019895254457489,-0.00281476714598446
0.00220964818497272,-0.00241434865090167
0.00247840823077137,-0.00200154705714787
0.00272751398191413,-0.00176235687976645
0.00291149788464524,-0.00179139719347723
0.0029768409851322,-0.00212200376499265
0.00289014164113286,-0.00263573572306724
0.00264773945963812,-0.00317750187915716
0.00225275625065931,-0.00359106124721497
0.00172588089266692,-0.00382705098322601
0.00125410756699876,-0.00388474620856396
0.000734319358871965,-0.00383967550985744
0.000176339272271592,-0.00372924901478677
-0.000413857184508709,-0.00359666607526739
-0.00103402499743506,-0.00348228888614397
-0.00168758181370596,-0.00341413775623622
-0.00237701524740408,-0.00338579416673653
-0.0031009242576243,-0.003343576985688
-0.00360348521777138,-0.00325633763344859
-0.00411113293648646,-0.00305806821887012
-0.00461215318761785,-0.00268334001973334
-0.00508999872635125,-0.00206467470745987
-0.00552453853449832,-0.00114101926155809
-0.00588906224989541,9.72146010395619e-05
-0.00615942532182668,0.00160682517796265
-0.00631934516498738,0.00329791726073122
-0.00636187105471474,0.00478471378291339
-0.00631704302947801,0.00617596177556543
-0.00619221397347068,0.00737773337521922
-0.00600140870483103,0.00832819297396835
-0.00579288915562211,0.0089345335883694
-0.00555794072142918,0.00932873016776293
-0.00530735629753146,0.00952822206951419
-0.00505068886584082,0.00956374154018583
-0.00477521605594544,0.0094590899359406
-0.00450890225289171,0.00924205621392828
-0.00425684238452703,0.00894781103298149
-0.00402213609593479,0.00860694544719594
-0.00372151241942383,0.00808871511954697
-0.00345826060872135,0.00756557406925542
-0.00322976798164675,0.00706527823907483
-0.00303161435411796,0.00660360549801916
-0.00276136441618482,0.00595558279475546
-0.00253129262072396,0.00542775573489331
-0.00231836221607954,0.00501223513894843
-0.0021015505929984,0.0047001330077005
-0.00179583159523947,0.00443157931317978
-0.00142591594549423,0.00424896633923857
-0.000973336574023417,0.0041069395831782
-0.000428529703081269,0.00397362369002932
0.000346785095561066,0.00378136320461554
0.00125703275263389,0.00357373898261897
0.00228442320591176,0.00328099383683253
0.00337574696602968,0.00265635544507182
0.00389125422007646,0.00212725950359654
0.00437418291511239,0.00137486858634857
0.00479845774045839,0.000374264017669902
0.00513951329902194,-0.00085400381030592
0.00532404047347261,-0.00185725217407727
0.00544670851483349,-0.00288413826403587
0.00550630503874369,-0.00387397251535656
0.00550722694733727,-0.00477138654528615
0.00545780499190503,-0.00552946224527291
0.00536793303575446,-0.00611690316401599
0.00524904414349464,-0.00652160033840177
0.00511321741917303,-0.0067525595349294
0.00498421840610545,-0.00683127299373465
0.00485721767038975,-0.00680240379628338
0.00473784450706038,-0.00668649923447671
0.00463019930343236,-0.00650584213853029
0.00450991336482348,-0.00620138619982844
0.00441791037257065,-0.00585471984407803
0.00435462383163884,-0.00549764435715275
0.00431744679835857,-0.00515810390884824
0.00429980937390481,-0.00476382174636979
0.00430432252080229,-0.00448949731260921
0.0043099571191375,-0.00437089533734768
0.00429241212477778,-0.00442251982564503
0.00423188128339783,-0.00462390503412087
0.00410967218263311,-0.00493015365123723
0.00391284691483199,-0.00528561016593116
0.00363644041284163,-0.00564063839834904
0.00327130058707557,-0.00594692304112623
0.00283054678111128,-0.00614987074070402
0.00232436045698745,-0.00623785961325737
0.00176372135499072,-0.00622086414474335
0.00108297953780169,-0.00611007008021192
0.000353509265633628,-0.00595328768688793
-0.000420688122084605,-0.00578108164520984
-0.00123696465747737,-0.00558604890861193
-0.00217756827891438,-0.0052974451754199
-0.00313394223604309,-0.00469760678144991
-0.00404143324289184,-0.00352498655378338
-0.00480088835454132,-0.00159766159196583
-0.00506616676240117,-0.00045104610190838
-0.00526554754774801,0.000799565714290107
-0.00539314784074611,0.00208853241252258
-0.00544889444676754,0.00334478468395445
-0.00543743128751431,0.00449438614378284
-0.00536683540975614,0.00547476019039001
-0.00524832177291096,0.00624727769012174
-0.00509548028311442,0.00679927137458837
-0.00493922298072562,0.00711724778813564
-0.00477544667022796,0.0072781652885158
-0.00461227049156983,0.00730316479772974
-0.00445640011883832,0.00721794845147969
-0.00428732946411758,0.00700748559979007
-0.0041422420711372,0.00670851441769922
-0.00402540832258167,0.00634917123763365
-0.00393919579092006,0.00595292433359282
-0.00386605608529157,0.00528315529530714
-0.00387184755058551,0.00460921891361642
-0.00395051910359655,0.00397597014624269
-0.0040897007976446,0.0034311422744623
-0.00427112680294029,0.0030279167644998
-0.00447066337471483,0.00284019515811577
-0.00465608689345148,0.00293358804391443
-0.00479019898979368,0.00334304925113303
-0.00483431660300605,0.00401697770791824
-0.00477051689257713,0.00484952328426572
-0.00458385436707364,0.00570396803722529
-0.00427584551709859,0.00649451691545321
-0.00390528767813943,0.00707629852273759
-0.00345868641683574,0.00747296314450987
-0.00295174517772334,0.00768496241697126
-0.00239964597097649,0.00774081731178902
-0.00183726519712045,0.00769149862974361
-0.00125058037331861,0.00758312872495988
-0.000643001652288792,0.00744811991736161
-1.58056250937474e-05,0.00730485365033159
0.00090161773678391,0.00708747664593649
0.00185366872699813,0.00677518195147066
0.00281526083473534,0.0061920044767704
0.00373168730538077,0.00506496932999312
0.00413588629750353,0.00422964950226747
0.0044952877085704,0.00319205860062826
0.0047969435463186,0.00196703736089946
0.00503057660071477,0.000593777366751686
0.00518889130571832,-0.000863369947346373
0.00526837948046414,-0.00231321367766249
0.00527107656581807,-0.00366951951769806
0.00520518931793098,-0.00486135931689102
0.00510094889956026,-0.00572805561611774
0.00496265009036479,-0.0064113545123228
0.00479996216076731,-0.00690888921463655
0.00462239293910782,-0.00723288660003802
0.00442672051356062,-0.00741169470403137
0.0042328110144772,-0.00744536219027866
0.00404781564673756,-0.00736239600962998
0.00387721910240568,-0.00719105620000249
0.00368718611942992,-0.00688374978968031
0.0035316887504726,-0.00650727690290082
0.00341374470727686,-0.00608784988457035
0.00333472620714789,-0.00564389753298979
0.00328885840331804,-0.00491633847287601
0.00333856351418056,-0.00417495604439096
0.0034792253277388,-0.00344211711242104
0.00370252797665911,-0.00275155097035047
0.00391639856620374,-0.00229300857902461
0.0041612383806983,-0.00192899300998292
0.00442423814978377,-0.0017111237620926
0.00468788226486822,-0.00169862415148451
0.00493069053288298,-0.00195213861964393
0.00512362484768929,-0.00250033244831249
0.0052384620825808,-0.00332923966169774
0.00525252458440501,-0.00438366306366663
0.00515910219422461,-0.00548091925944475
0.0049574990413961,-0.00653964653163596
0.00465287709751396,-0.00745186442568781
0.0042596821374036,-0.00815270272959024
0.00382189100604289,-0.00860000189278929
0.00333649180966197,-0.00884855430480807
0.00281674191832171,-0.00893328828235063
0.00227309845779505,-0.00890182646098935
0.00169165728042294,-0.008798737950367
0.00109517077534821,-0.00866215532504068
0.000484924466124834,-0.00851833430190374
-0.000139116565044787,-0.00837560564795266
-0.00101373507351882,-0.00816168692767962
-0.00190872550282006,-0.00782468854892777
-0.00280041757955454,-0.00719198178773018
-0.00364230028735651,-0.00603737879603022
-0.00405383845840855,-0.00511163439436959
-0.00441617236700172,-0.00396341219312456
-0.00471582876724537,-0.00261241159167936
-0.00494236357648496,-0.00110486080503298
-0.00508863054867543,0.000485769939794622
-0.00515170206350237,0.00205916901681772
-0.00513441248275004,0.00352277855573419
-0.0050458343460903,0.00480247942605072
-0.00492133251785541,0.00572359201506531
-0.0047622914507641,0.00645165950006644
-0.00457845908013447,0.0069869624125806
-0.00437928176730896,0.00734422953948342
-0.00415701070771604,0.00755782683849003
-0.00393568327676524,0.00762277000028378
-0.00372240110052518,0.00757057303636933
-0.00352253379632988,0.00743155383866272
-0.00329282643891086,0.00716867105207171
-0.0030955540099914,0.00684312944044593
-0.00293326061597602,0.00648205331572509
-0.00280693352345145,0.00610339799954497
-0.00268419106615055,0.00552244200823867
-0.00263913383769872,0.00493294607815738
-0.00266894778374804,0.00433557801298478
-0.0027708390120805,0.00372656027318758
-0.00292583328163621,0.00315343551914353
-0.00313806636934655,0.00257239944877517
-0.00340414212978115,0.00200394513252438
-0.00371750433698823,0.00149036847283948
-0.00406768781079833,0.00109437707018203
-0.0044339738480645,0.000925288935001739
-0.00478519059616431,0.00109415890936222
-0.00508101249339097,0.00168869676949793
-0.00523473348244429,0.0024163068117592
-0.00531541375961578,0.00335267451934591
-0.00530856838635341,0.00442983954166236
-0.00520710839128733,0.0055652999722385
-0.00501032555931496,0.0066568858882382
-0.00472386374246315,0.0076069734106267
-0.00435872682688135,0.00835610899040877
-0.00392994240730345,0.00888101969016057
-0.00346673758293882,0.00918800850427219
-0.00297074506143367,0.00932804655836347
-0.00245172069678829,0.00934196215928444
-0.00191668514278236,0.00927322980765423
-0.00127626673551552,0.00913954285383913
-0.000621720570546009,0.00898669591921281
4.63804442811157e-05,0.00883400517203582
0.000727915587653547,0.00867400198953241
0.00158721207866895,0.0084168347867219
0.00245198836476438,0.00794892238734212
0.00329090732928885,0.00708361518860364
0.00405346732153081,0.00563289829068482
0.00449016345808669,0.00425494917068881
0.00483923018521697,0.00259149036265417
0.0050825220775633,0.000729810360583723
0.0052115629961712,-0.00121362301595684
0.00522655239207478,-0.00308511854624298
0.00513667039535053,-0.00473011740657069
0.0049590995331773,-0.00605096541807068
0.00471760324309013,-0.00700600778765765
0.00449336500169258,-0.00751939808346167
0.00425552355313008,-0.00782799217566611
0.00401415015716797,-0.00796369943446773
0.0037774499119528,-0.0079636631997044
0.00352146377005148,-0.00784389029630704
0.00328567130075192,-0.00763386453232314
0.00307410740521042,-0.0073663573454384
0.00288904906565223,-0.00706621437149231
0.00267037058782568,-0.00660858391373913
0.00250769694305635,-0.00614304116851047
0.00239906224065893,-0.00568215869959638
0.00234180892596161,-0.00522871534779917
0.00234460476389689,-0.00456654699034205
0.00244599235182627,-0.00389049140805202
0.00264130305966398,-0.00318774014402306
0.00292581241048967,-0.00246574984548206
0.00323716222576521,-0.00185598730137333
0.00360134139082215,-0.00132305844362582
0.0039985460627811,-0.000972606637376534
0.00439459531388963,-0.00095148327020313
0.00465862526688377,-0.0012447118393211
0.00486738829295898,-0.00183930358539386
0.00499322566827801,-0.00272369687561409
0.0050137905930112,-0.00384177663310186
0.00491277448780553,-0.00507973748944589
0.00468548466419537,-0.0062661534462125
0.00433930496216478,-0.00726941794792408
0.00389271636900019,-0.00801706383842381
0.00340062603277838,-0.00846984606257239
0.00285800471830147,-0.008700804444095
0.00227992962774806,-0.00875745010387564
0.00167773727885373,-0.00869867069254738
0.00105043813695554,-0.00857897838898792
0.000407980251292719,-0.00843525781274423
-0.000248496643374735,-0.00828656255232136
-0.0009183796050861,-0.00812751097666096
-0.00176148181951664,-0.00787344607763864
-0.00261029587823355,-0.00742472496359935
-0.00343583735418411,-0.00660861321876245
-0.00419138012129799,-0.00524496864033923
-0.00454294502580778,-0.00424616219103036
-0.00484623433722269,-0.00306240107143524
-0.00509158459142,-0.0017210793179778
-0.00527204624631629,-0.000268390939203719
-0.00538341817389217,0.00123158369684748
-0.00542462598449033,0.00270020140644336
-0.00539858937871492,0.00406568996759356
-0.00531241964865651,0.0052700984772223
-0.00518612719491868,0.00621477796161438
-0.00502481127183861,0.00696628877457052
-0.00483781614528773,0.00752337523986687
-0.004634276971149,0.00789915369834222
-0.0044009854539561,0.00813054119126795
-0.00416706534831483,0.00820154981441831
-0.00394002050257694,0.00814551061704721
-0.00372555765374653,0.0079950771668329
-0.00347832146355913,0.00771300030100168
-0.00326236997520971,0.00736443690248729
-0.00308036720480157,0.0069791369598965
-0.00293331214792741,0.00657724564078847
-0.00277700690447169,0.00596490720880468
-0.00269575011622264,0.00535397037307682
-0.0026858123398344,0.00474769630416041
-0.00274331816618577,0.00414353062786166
-0.00286330299449617,0.00354234674961821
-0.00304308149880033,0.00294209061187188
-0.00327803902423512,0.00236005462581138
-0.0035607415970071,0.00183429657092853
-0.00388015981674485,0.00142222028462707
-0.00421524442350947,0.00122417973265259
-0.00453498977232181,0.00134201160699802
-0.00479982036135366,0.00185592552467106
-0.00493389324978813,0.00251860687246322
-0.00499312245267368,0.00337896342903832
-0.00496292249360204,0.00436794779001036
-0.00483653957463038,0.00540446417416757
-0.00461389064968304,0.00638891776019011
-0.00430151128920519,0.0072289397331349
-0.00391117310148286,0.00787209441646271
-0.00345827932493304,0.00830175597060311
-0.00296990720111552,0.00853246769660345
-0.00244906235688483,0.00861340210619255
-0.00190494831535327,0.0085865327380411
-0.00134386060252986,0.00849361969783319
-0.000658007895380998,0.00834425242159074
4.58810834244423e-05,0.00818422029463487
0.000766933706012158,0.00801749191585158
0.00150296950132116,0.00781119195734236
0.00232364796174211,0.00746198436825659
0.00313380538874541,0.00681514639010526
0.00389471220968346,0.00569929192475088
0.00455396690744654,0.00399610994683339
0.00487156139094288,0.00269370898378393
0.00511937057259512,0.00122203408490901
0.00528855222147916,-0.000351076936314872
0.00537595717744197,-0.00194389077289569
0.00538339291769649,-0.00346300706805822
0.0053171096329479,-0.00482064231753856
0.00518750609097781,-0.00595554761274436
0.00500846646572502,-0.00683644836477554
0.00481641142483852,-0.00741326380901258
0.0046067122430998,-0.00779345163581256
0.00438885298855311,-0.00799952258890323
0.00417095294253321,-0.00806137067102194
0.00392773178286619,-0.00799445935035836
0.00370046099448786,-0.00781602010544767
0.00349434303641219,-0.00756014721760648
0.00331272000126942,-0.00725465595476643
0.00310407144279618,-0.00678448502856783
0.00294738920751415,-0.00628769980281009
0.00284236331304782,-0.00578257174372649
0.00278760297062855,-0.00527742808160183
0.00279473881615866,-0.0045241484564051
0.00290394057884808,-0.00376604960632298
0.00310874454800937,-0.00300852086814078
0.00340033256981755,-0.00228457513905009
0.00365045211574943,-0.00183029091357404
0.00392840488413404,-0.00147120436283412
0.00422068422699193,-0.00126614654756275
0.00450832134021937,-0.0012834732669877
0.00476768035635026,-0.00159376591544744
0.00496639899841806,-0.00222429686747044
0.00507366703851904,-0.00315182858347593
0.00506580065880806,-0.00430809237326288
0.00494580010394899,-0.0054409433670762
0.00471593230883831,-0.00650988595960141
0.00438344659612718,-0.00741168504494359
0.00396403180339941,-0.00808739009491267
0.0034990907148743,-0.00850794723691478
0.00298794703045025,-0.00872914411252805
0.0024437666748831,-0.0087912006089356
0.00187660772884322,-0.00874438238115851
0.00126158587249417,-0.00863114210697919
0.000631009030167731,-0.00849013908194587
-1.39054546227609e-05,-0.00834352497397533
-0.00067278401793627,-0.00819090204093659
-0.00153081784433655,-0.00795119900235217
-0.00239929237052646,-0.00753546830016784
-0.00324990814968934,-0.00676672024946647
-0.00403459555371299,-0.00544761184846076
-0.00440343897340049,-0.00445851450328627
-0.00472272804792635,-0.00327282370097094
-0.00498168558577656,-0.00191753159201424
-0.0051724806123925,-0.000440692095342438
-0.00529029896275579,0.00108916109230023
-0.00533384347834717,0.00258634793282218
-0.0053063314493896,0.00397314838455478
-0.00521573095586147,0.00518764202662761
-0.00508738043957244,0.00610924839103395
-0.00492485789060022,0.00683705390646656
-0.0047376685310586,0.00737137450000741
-0.00453502602126938,0.00772668789479097
-0.00430509220689133,0.00793870370285992
-0.0040757309993453,0.00799605504737738
-0.00385423654659785,0.00793161674321397
-0.00364611841165593,0.00777716085335637
-0.00340660141355687,0.00749291441406007
-0.00319947195985785,0.0071451091782295
-0.00302725466101865,0.00676218953835713
-0.00289086380743268,0.0063631127440071
-0.00275189000810146,0.005751916306581
-0.00269044878991807,0.00513858774380526
-0.00270303298893008,0.00452504383016471
-0.00278605556138357,0.00390843941493675
-0.00292705399960828,0.00331698902462348
-0.00312610235910456,0.0027255160959933
-0.00337873119662714,0.00215511381348609
-0.00367723682558787,0.00164877201579879
-0.00400997937154102,0.00126926149401072
-0.00435462755285508,0.00112311320440717
-0.00467889219534446,0.00131398336370393
-0.00494232053240819,0.00191699970797279
-0.00507314417632637,0.00266557965647678
-0.00512309680243841,0.00361170509185377
-0.00507796114127647,0.00467441264376132
-0.00493231314581197,0.00576464318350508
-0.00468798487738442,0.00677717998075532
-0.00435341889811706,0.0076199594120223
-0.00394204197609036,0.00824617057296515
-0.00347040107552361,0.00864712306971973
-0.00297432775174141,0.00884516119608078
-0.0024491028390977,0.00890037108051746
-0.00190319669406789,0.00885619466156634
-0.00134217610902511,0.00875371937696202
-0.000638227895921416,0.00859560659577535
8.36049029096604e-05,0.00843095291146711
0.000822593785046092,0.00825796866142979
0.0015759760306956,0.00803396795622919
0.00239932536436235,0.00764637946496639
0.00320633096118517,0.00692526630256862
0.00395507596989895,0.00569878142963773
0.00459120143314017,0.00386728108150508
0.00489585084833068,0.00246087736587204
0.00512403509306616,0.000896066621999975
0.00526773906141257,-0.000745995420551454
0.0053255453471359,-0.00237426017198527
0.00530156207459358,-0.00389019763371071
0.00520439748521046,-0.00520858621310045
0.00504653646955216,-0.00627595073749172
0.00484340238008183,-0.00707218997204434
0.00463605630087051,-0.00756406664436565
0.00441554664966124,-0.0078662328410396
0.00419093610876506,-0.00800555087428226
0.00396973993697453,-0.00801388896620677
0.00372076951646483,-0.00789789343931235
0.00349137162878556,-0.00768302630153442
0.00328608020372972,-0.00740288848161757
0.00310759773792775,-0.00708359546442396
0.00290271871870848,-0.00659805005075748
0.00275404421292356,-0.00609635455935933
0.00266031991192949,-0.00559274051320584
0.00261948214032955,-0.00509178566446552
0.00265067118694547,-0.00435078950555517
0.00278681282737223,-0.00359676985904384
0.00302190910122738,-0.00283197235634
0.00334749694111134,-0.00209313697755211
0.00361422003018079,-0.00164330380904617
0.00390797281416292,-0.00129059609284989
0.00421479343619104,-0.00109837846838313
0.00451479848949728,-0.00114004967749811
0.00478306512833517,-0.00149139105432937
0.00498544529896156,-0.00217738476702427
0.00508984737711455,-0.00316815644530604
0.00507227408110148,-0.00438769846560066
0.00494107592196585,-0.00554864332142846
0.00469956542723401,-0.00663106859899821
0.00435606041952919,-0.00753389866695441
0.00392695636799522,-0.00820143294161212
0.00345558875579901,-0.00860923117079123
0.00293976695073394,-0.00881862720782411
0.00239237402303602,-0.00887173308127118
0.0018231188204336,-0.00881934512861583
0.00120024061540522,-0.00870192398826765
0.000562148098998788,-0.00855865107051759
-9.00279307854245e-05,-0.00841058822738603
-0.000755868209950555,-0.00825504781689505
-0.00161041570852711,-0.00800858192175139
-0.00247317089952343,-0.00757538835480658
-0.00331518748569631,-0.00677805630313524
-0.00408845442905955,-0.00542539673159088
-0.00445771406842962,-0.0043961332805574
-0.00477483021319023,-0.00316594903496864
-0.0050288131168485,-0.00176578802500752
-0.00521193155754707,-0.000248239226380748
-0.00531973694214127,0.00131317862608119
-0.00535155300086541,0.00282885578966549
-0.00531136887697173,0.00421937390967217
-0.00520799769579836,0.00542336908736545
-0.00506910300101489,0.00632263838245085
-0.00489725414567451,0.00702277926343066
-0.00470216690980665,0.00752702913749126
-0.00449311777319888,0.00785249143673126
-0.004257224271818,0.0080346444457445
-0.00402345746420861,0.0080655639639988
-0.00379891462330993,0.00797908376196254
-0.00358887297168364,0.00780718581494393
-0.00334606890524155,0.00750379645974494
-0.00313726227238498,0.00714199502842504
-0.00296462979209892,0.00674966211351454
-0.00282877295781096,0.00634485925528327
-0.00269100761028946,0.00572481714016296
-0.00263294435949971,0.00510624774696665
-0.00265056443377433,0.00448897614299531
-0.00273992160509791,0.00386867521506094
-0.00288825194483374,0.00327208186010167
-0.00309572792336616,0.00267502374206384
-0.00335756150056669,0.00210043315296581
-0.00366536277011291,0.00159534825303442
-0.00400642636536475,0.00122789976684366
-0.00435592227687207,0.0011137372017666
-0.0046784055143981,0.00136103884620725
-0.00493020879430112,0.00204035972566613
-0.00504398019059134,0.0028510563559304
-0.00506962385751138,0.00384722130077051
-0.00499392840082555,0.00493501686371139
-0.00481357232670791,0.00601953251096148
-0.00453307549605968,0.00699467052613282
-0.00416331519339243,0.00777528757642913
-0.00371955683650996,0.00832626508328163
-0.00321924364442552,0.00865137114521877
-0.00270447365929734,0.00878546770054246
-0.00216373531226195,0.00879374830910779
-0.00160438043103579,0.00872008699772014
-0.00103089028329027,0.00860264354449631
-0.000272485290541084,0.00842912034627217
0.000506491403569606,0.00825114053204348
0.00130414370716827,0.00804430458499856
0.00211345386651046,0.00772795360052179
0.00296459065335489,0.00714327506361145
0.0037704071524813,0.00606886044095228
0.00447172327071513,0.00434504874539217
0.00500350638281902,0.00197768894139242
0.00521528826206237,0.000320027325514133
0.00533580573216012,-0.00138845309087679
0.00536406696085854,-0.00303738892156617
0.00530713835461041,-0.00452977849922531
0.00517785961171489,-0.00578584959196083
0.00499144841457566,-0.00676076001025113
0.00476466109716552,-0.00744472579225564
0.00451435968990171,-0.00786103144648902
0.00428150751869187,-0.00804391766798856
0.0040505282072345,-0.00807742644694108
0.00382838232657248,-0.00799442954451311
0.00362027288832838,-0.00782610718707003
0.00337747160913008,-0.00752400461741363
0.00316847015697403,-0.00716171377156564
0.00299555467781536,-0.006767542292954
0.00285940872680641,-0.00635996753056445
0.00272169184201535,-0.00573706501121291
0.00266330907592484,-0.00511504407748065
0.00268032239193788,-0.00449444510236105
0.0027688044498884,-0.00387164756912208
0.00291540531894524,-0.00327610106030089
0.0031203304045671,-0.00268211668775556
0.00337868119173524,-0.0021127890980179
0.00368201662590936,-0.00161455603622743
0.00401767532948165,-0.00125425384501877
0.00436128942802495,-0.00114361313075538
0.00467834997594764,-0.00138681137812838
0.0049265463727499,-0.00205188076516578
0.00504067436848519,-0.00285610908470945
0.00506686762845305,-0.00384655364698339
0.00499179001204724,-0.00492969233068869
0.00481201050644009,-0.00601081596258465
0.00453195623451666,-0.00698370614792883
0.00416245690664418,-0.0077628121196313
0.00371877067201744,-0.00831273761461294
0.00321836425978474,-0.00863702204664701
0.00270353175195536,-0.00877042444822533
0.00216264561506885,-0.00877818962736945
0.00160306308822006,-0.00870416457867414
0.00102926533107575,-0.00858648652663467
0.000270921512980106,-0.00841292237481269
-0.000508117820647511,-0.0082349162446103
-0.00130594445651912,-0.0080278528317281
-0.00211549059834261,-0.00771078555573613
-0.00296627445171309,-0.00712499605754411
-0.00377158296387608,-0.00604908017215136
-0.00447213225706221,-0.00432393755140301
-0.00500286143647814,-0.00195640749007105
-0.00521379845332933,-0.000300777298923493
-0.00533355592247228,0.00140455500319475
-0.00536120448140206,0.00304942418408844
-0.00530385974961746,0.00453714959938404
-0.00517439445655871,0.00578841080837902
-0.00498803446794819,0.00675879799850232
-0.00476152534583763,0.0074388177222778
-0.00451170132111477,0.00785192028400795
-0.00427936169706958,0.00803259805371988
-0.00404900418477604,0.00806437299515031
-0.00382757189115904,0.00798004421812704
-0.00362025264599904,0.00781069824711101
-0.00337840977958895,0.00750733012273505
-0.00317050906386002,0.00714388344348889
-0.00299883207051604,0.00674856896706884
-0.00286406071720566,0.00633978157030363
-0.00272864845454654,0.00571450586217225
-0.00267297658145107,0.00508965484317847
-0.00269312590942674,0.00446577664716814
-0.00278517709373047,0.00383946717119372
-0.00293413849350189,0.00324551771419198
-0.00314082222709769,0.0026541338080201
-0.00340025450131111,0.00208915623748235
-0.0037038659513225,0.00159767681972702
-0.00403884389142871,0.0012469589332666
-0.00438069240544197,0.00114804854127817
-0.00469498960332895,0.00140338285386562
-0.00493980559402009,0.00207837673673355
-0.00505192549029822,0.00289458875339587
-0.0050749437325741,0.00389557934949167
-0.00499566013235294,0.00498555059174612
-0.00481097534549967,0.00606875764965085
-0.00452574969261416,0.00703871125950295
-0.00415119434412346,0.00781073633981851
-0.00370286314879615,0.00835118523249013
-0.00319837833525835,0.00866552504207426
-0.00268152573738562,0.00879047240813244
-0.00213915082864273,0.00879220921560956
-0.00157843480854765,0.00871455014548194
-0.00100369730556396,0.0085951587763266
-0.000237455938235514,0.00841940649691525
0.000549848842912317,0.00823917187498218
0.001356089387463,0.0080261409424006
0.00217344223665674,0.0076932282769084
0.0030246723038511,0.0070772998089838
0.00382624750149069,0.00595430869477364
0.00451728666970816,0.00417178408590915
0.00503245315891781,0.00175170950603696
0.00523086246636765,8.44883544973913e-05
0.00533800092550756,-0.00161795640166862
0.00535383213973487,-0.0032458112052477
0.00528622257216938,-0.00470480893830765
0.00514860677695801,-0.00592029809636363
0.00495644438253617,-0.0068531921952714
0.00472644522161876,-0.00749806830699205
0.00447515727808138,-0.00788128594338223
0.00424151069968987,-0.00804112882150105
0.00401090981315681,-0.00805573817935424
0.00379011165488344,-0.00795800579450017
0.00358411947018563,-0.00777868445673551
0.00334271605756215,-0.00746341930538712
0.00313649111053713,-0.00709096527001912
0.00296753383067801,-0.00668902637242372
0.00283635726853904,-0.00627533058211976
0.00270740513700886,-0.00564191095626649
0.00266022501470073,-0.0050094720249419
0.00269069911662338,-0.00437739027753943
0.00279477095711872,-0.00374195441433018
0.00295274307883469,-0.00315110459862755
0.00316739945822081,-0.00256446642163116
0.00343351645349651,-0.00200823837360555
0.00374201245917371,-0.00153252955343049
0.00407936220763677,-0.00120765775986484
0.00441986053013895,-0.00114659136397761
0.00472809522648818,-0.00144965606506862
0.00496176440285684,-0.00217492127642867
0.00506286789833643,-0.00303827880741134
0.00507005996914489,-0.00407715386738517
0.00497099182772729,-0.00518688057143132
0.00476413236480521,-0.00626838462312975
0.00445624250033339,-0.00721579912789147
0.00406008702596528,-0.00794987730499612
0.00359231388258861,-0.00844510490921108
0.00307098432297248,-0.00871521594731817
0.0025446429326846,-0.00880498793193936
0.00199474900242399,-0.00878232810590742
0.00142774612956929,-0.00869053191352147
0.000847297943924141,-0.00856490447808933
3.99514006882006e-05,-0.00837905897407681
-0.00079047397469763,-0.00818540090784461
-0.00164017286878189,-0.0079344910031649
-0.00249647717284885,-0.00750451536066119
-0.00314050582814381,-0.00694568320667753
-0.00375203580295552,-0.00607835729577661
-0.00430319990261082,-0.00483196033741991
-0.00476415141775499,-0.00318955728617828
-0.00502890180400311,-0.00175082173946929
-0.005218117376802,-0.000191846193912728
-0.00532630056946947,0.00140536012073993
-0.00535409841244077,0.00295462122742077
-0.00530714275690916,0.00436901234191769
-0.00519470855647401,0.00557898599164787
-0.0050290539576377,0.00654379428683464
-0.0048244877930629,0.00725267224481489
-0.00461365291148875,0.00769311132968344
-0.00439203695604593,0.00795014093517315
-0.00416833635033498,0.00805165145431972
-0.00394967017791426,0.008029418014893
-0.00370131635701189,0.00788219340458462
-0.00347451905569293,0.00764088766717447
-0.00327355877580615,0.00733873022345407
-0.00310089271110949,0.00700105640645494
-0.00290494758425594,0.00648937457459929
-0.00276828616917275,0.00596439370256886
-0.00268930785150721,0.00543868598496354
-0.00266569987705142,0.00491556749963296
-0.00272793605950537,0.00413255398696777
-0.00290249951397234,0.00333610952596284
-0.00318151998273622,0.00253998719518475
-0.00355214856508113,0.00181023146355319
-0.0038110514424442,0.00145202698572816
-0.00408581231239019,0.00120957129371922
-0.00436278771428163,0.00113692781470026
-0.00462411718478033,0.00128952807224108
-0.00484859014352061,0.00171763219742207
-0.00500943015264254,0.00242565640850692
-0.00508251788751248,0.00337605564821022
-0.00505073759279186,0.0044976358140114
-0.00491403092530533,0.00561446846435615
-0.00467320771721665,0.00665124472688499
-0.00433630720901641,0.00751657097838605
-0.00391853167813731,0.00815958023716349
-0.00345605365619223,0.0085597991365445
-0.00295013672659422,0.00876848703917558
-0.00241312387012108,0.00882519996581804
-0.00185439086381375,0.00877796432370516
-0.00123455646381393,0.00866356335131191
-0.000599264369565454,0.00852155601258145
5.02610297722025e-05,0.00837404375027171
0.000713609846646541,0.00821986152623389
0.00157074802251787,0.00797722246267397
0.00243729218758698,0.00755406581213097
0.00328468840692606,0.00677305592491206
0.00406491646246291,0.00543914634107472
0.00443229953551878,0.00443847201890372
0.00474963989574811,0.00324102370060357
0.00500622398072162,0.0018747242983321
0.00519432691469128,0.000388492549595954
0.00530926980580075,-0.00114841123889023
0.00534990579577302,-0.00265004008046337
0.00531958225262107,-0.00403876286474467
0.00522635678219906,-0.00525303450277176
0.00509553560154458,-0.00617464652156832
0.00493064217456342,-0.00690095802482564
0.00474122002649374,-0.00743274992412279
0.00453649779703326,-0.00778496019046186
0.00430420179204764,-0.00799352107136257
0.00407264210786454,-0.00804726748698383
0.0038490988390753,-0.00797943342331173
0.00363905557818258,-0.00782202178504434
0.00339694471829852,-0.0075344557121936
0.00318736906988215,-0.00718423454590339
0.00301278431361912,-0.0067998924439507
0.0028740361801682,-0.00640036408882574
0.00273123859690241,-0.00578930408214883
0.00266585315146488,-0.00517786486041093
0.00267420152564198,-0.00456757251543334
0.00275256744646043,-0.00395502913332737
0.00289087441453634,-0.00335970102372434
0.00308833384061297,-0.00276328592229284
0.00334046447768755,-0.00218615077033399
0.00363956127212899,-0.00167106957435747
0.00397394973754686,-0.00128112397236422
0.00432097003885556,-0.00112514432398896
0.00464760528246862,-0.00130964096669288
0.00491228395887778,-0.00191220150406308
0.00504129657096137,-0.00265425717451335
0.0050896900426066,-0.00359205311676351
0.00504336135289327,-0.0046453840349153
0.00489692336919129,-0.00572592924483516
0.0046521888527393,-0.00672945823232183
0.00431754311329205,-0.00756485859986159
0.00390631342733238,-0.00818570212837383
0.00343491863150427,-0.0085832963737085
0.00293785014158722,-0.00877992853071765
0.00241143129800781,-0.00883425979006597
0.00186414006248312,-0.00878962783257625
0.00130154907495574,-0.00868698399300995
0.000595139199673894,-0.00852872648875535
-0.000129414725644889,-0.00836368313904496
-0.000871281870080157,-0.00818914678914762
-0.00162747716002679,-0.0079608293256396
-0.00245587909465839,-0.00756198870756614
-0.00326623509683778,-0.00681757398583916
-0.00401499905414682,-0.00555348942370026
-0.0046462768312332,-0.00367522532787462
-0.00494515906071005,-0.0022410094743555
-0.00516552305551937,-0.000654592212173439
-0.00529975133359366,0.000998643043126937
-0.00534712070857291,0.00262515738528011
-0.00531260075297891,0.00412571621108364
-0.00520561171130662,0.00541700247860639
-0.00503931826830311,0.00644891261488806
-0.00482960663053817,0.00720557719288746
-0.00461869938059116,0.0076610444624162
-0.00439633040818019,0.00792986940768271
-0.0041714021887072,0.0080400717305227
-0.00395121904280768,0.00802391389664682
-0.00370299688678311,0.00788312387097318
-0.00347589112445266,0.00764755746200065
-0.00327421785726682,0.00735041363112909
-0.00310047557453969,0.00701710247035312
-0.00290254220834167,0.00651110844197812
-0.00276327013479997,0.00599123854205445
-0.00268112976354137,0.00547040425576207
-0.00265385994929566,0.00495215838757698
-0.00270940222087102,0.00417883349634041
-0.00287560243911191,0.00339177792321453
-0.00314511313627045,0.00260173010437874
-0.00350625663276154,0.00186740069151574
-0.00376354154833092,0.001492781981268
-0.00403871445764408,0.00122607350021777
-0.00431872784884797,0.00112106682999107
-0.00458620757648783,0.001234831144068
-0.00482026257147641,0.00162110067909414
-0.00499390981364409,0.00229219429481009
-0.00508223034233584,0.00321818146973356
-0.00506675597906264,0.0043326852510559
-0.00494486741291353,0.00546192105868545
-0.00471683230645404,0.00652485725523897
-0.00438981008606048,0.00742381270453201
-0.0039787465933105,0.00810214449766467
-0.00352088028363964,0.00853216630197759
-0.00301743393989144,0.00876439322339752
-0.00248127423297641,0.00883730821919278
-0.00192233144001441,0.00879954500956791
-0.00131046201054986,0.00869161957633488
-0.000683266671782825,0.00855281041132644
-4.21290496942167e-05,0.0084070213656741
0.000612566397798309,0.00825622782485297
0.0014745700453342,0.00802155028955422
0.00234807941215653,0.00762111294343131
0.00320596251547738,0.00687915790510079
0.00400109329793424,0.0055930909008268
0.00435488518329794,0.00468680729706547
0.00466649991744518,0.00360271495345122
0.00492670510414693,0.00235900393320519
0.00512828382859089,0.000991354296088748
0.00526616457350478,-0.000447493704446307
0.00533781739695821,-0.00188802090733886
0.00534432605636819,-0.00326272446953276
0.00529074324002317,-0.0045127189820047
0.00519275672978042,-0.00553116220270571
0.00505648061219558,-0.00637419688829692
0.00489042395058494,-0.00703250680775242
0.00470329743051721,-0.00751138740880541
0.00448299276942006,-0.0078505786921355
0.00425684069937853,-0.00801904609720657
0.00403286481032526,-0.00804711433990494
0.00381742437817392,-0.00796667548245364
0.00356956376757585,-0.00776018733728386
0.00334767370802673,-0.00747240375447179
0.00315532707943376,-0.00713513673485023
0.00299433174196238,-0.0067714084724671
0.00281630845448932,-0.00622185830339509
0.00270412229114991,-0.0056659828554731
0.00265529620271722,-0.00511183796395693
0.00266692945470538,-0.0045593676853343
0.00279849219743794,-0.00369629391840203
0.00306315630224629,-0.00281580444213792
0.00344673694947867,-0.00196782227019467
0.00392098077893096,-0.00131547377162812
0.00421416229756817,-0.00112966040533875
0.00450102695233654,-0.00116369341485078
0.00475772762284818,-0.00147696257846987
0.00495740772700384,-0.00210226245983337
0.00507191305638398,-0.00304063541541441
0.005075098432752,-0.0041791907030398
0.00495206277600144,-0.0053787727489959
0.00470283707669462,-0.00652542054172964
0.00437960915150778,-0.00741094816620792
0.00397537509561699,-0.0080819992115503
0.00350622265144571,-0.00852334052371843
0.00298885059075212,-0.00875480629780254
0.00246185619510528,-0.0088228787076999
0.00191292814757432,-0.00878719688745388
0.00134789488369353,-0.00868936412520626
0.000769964274726524,-0.00856228930444292
-6.47359731551788e-05,-0.00836997202963
-0.000923818705977009,-0.00816602536888853
-0.00180206796534193,-0.00788606878639385
-0.00268303316800594,-0.00738359700673879
-0.00330844749360175,-0.00676088338854462
-0.0038960490639725,-0.00581968463585409
-0.00441821915399759,-0.00450310228501221
-0.00484672722801963,-0.00281045254643286
-0.00509069186419504,-0.00132950751676029
-0.00525738733658962,0.000250196480092547
-0.00534266898138867,0.00184281553310056
-0.00534861953493315,0.00336219015009711
-0.0052822401231658,0.00472560219019197
-0.00515379368221914,0.0058712650932083
-0.004976083577217,0.00676629366382939
-0.00476345632445831,0.00740728752225226
-0.0045467891963979,0.00779377983734734
-0.0043219735855181,0.00800294963244196
-0.00409737864011902,0.00806423628453466
-0.00387973690655956,0.00800970988125355
-0.00363106714959649,0.00782992507910622
-0.00340629328609466,0.0075629607565492
-0.00320931612710734,0.00724137345021693
-0.00304224121194204,0.00688931259562472
-0.00285470999242009,0.00635707078393798
-0.00272986409486521,0.00581570435735344
-0.00266561147258871,0.00527540911377516
-0.00265930015137232,0.00473764842177946
-0.00275432950531792,0.00391842411176519
-0.00297078807610491,0.00308314344553751
-0.0032984686931889,0.00225926125427153
-0.00371875779746774,0.00155099903198679
-0.00399073360517249,0.00126369232533213
-0.00426984244985127,0.00113006568769682
-0.00453911751645495,0.0012068562024055
-0.00477772157674357,0.00154293282049457
-0.00496211898753922,0.00217309051146578
-0.00506554000197458,0.00306226215024214
-0.00506685938533889,0.00413512729517991
-0.00495490651486311,0.00529837196917537
-0.00474537555534154,0.00635398579113518
-0.0044401060935409,0.00726641875033181
-0.0040510931426991,0.00797331896650025
-0.00359478650351526,0.00845185463837713
-0.00310718133619424,0.00871175865236812
-0.00258591374671504,0.00881195281417242
-0.00204077208984481,0.00879581658475144
-0.00147853450996473,0.00870747079572914
-0.000805460012564676,0.00856233105803338
-0.000115554212288284,0.0084049927326725
0.000590469976186156,0.00824363339917727
0.00131112928333337,0.00805279477567624
0.00213075443410565,0.00773596905994951
0.00294475204937632,0.0071530488619613
0.00371800050883704,0.00613400306902001
0.00440087964653979,0.00454340417130286
0.00472834862811453,0.00334528929938388
0.00499438380661596,0.0019705952332175
0.005189808570606,0.000471436537800659
0.00530989238525185,-0.00108347809297895
0.0053539709555279,-0.00261086109783286
0.00532540507091745,-0.00402485314172381
0.0052316950851893,-0.0052585628645426
0.0050841529579576,-0.00626925969427298
0.00491186725284343,-0.00698858961826178
0.00471528659944365,-0.00750694326919801
0.00450410007607206,-0.00783954872415302
0.00428698304595848,-0.0080118954587861
0.00404330926315535,-0.00805143231839573
0.00380949814258292,-0.00796180149513572
0.00359160962413189,-0.00777785311499807
0.00339382648547446,-0.00752979693936319
0.00316417765990013,-0.00713615731605334
0.00297789620034806,-0.00670372110693668
0.00283575177552804,-0.00625541649956409
0.00273718683308679,-0.00580387746929715
0.0026673955556509,-0.00512546226967167
0.00268804067578002,-0.00444634669113627
0.00279434754029558,-0.00376198615613946
0.00298150952490759,-0.00307390333034082
0.00321157211636272,-0.00246986440515829
0.00349603496797918,-0.00190535903703162
0.00382373026839999,-0.00143965362777922
0.00417561484131686,-0.00116465013997102
0.00452490424440958,-0.0011949699068331
0.00482592703155145,-0.00163804763237837
0.0050287187619089,-0.00253164472599442
0.00508773601451241,-0.0038230728905006
0.00500070490202433,-0.00507040561657721
0.00478241012401665,-0.00627994545390251
0.00443945521360011,-0.00730753807933648
0.00399095380124892,-0.00807567246985369
0.00349744893535904,-0.0085387818523638
0.00295161940905521,-0.00877414761769441
0.00236919828505799,-0.00883032682959099
0.0017620142404194,-0.0087685145249234
0.00114053469604032,-0.0086480100277948
0.000503926529193088,-0.0085044467689699
-0.000146811411875145,-0.00835679641126168
-0.000811226840331903,-0.00820043738726394
-0.00165962832640851,-0.00795016079293518
-0.00251524496612731,-0.0075077084861102
-0.00334878874856352,-0.00669744667060206
-0.00411244451726639,-0.0053341833512274
-0.00448097580566936,-0.00428751269656427
-0.00479595257955928,-0.00303923702062616
-0.0050462917875732,-0.00162271786850283
-0.00522437366663639,-9.30996639827422e-05
-0.00532603119912251,0.00147346909181022
-0.00535102153417279,0.00298565776662812
-0.0053038483288594,0.00436376628165509
-0.0051938681786269,0.00554750082565227
-0.00505013046029685,0.00642144651313942
-0.00487456062163695,0.00709478515105353
-0.00467696232364252,0.00757260442134783
-0.00446660654943208,0.0078735000552674
-0.00423023570183144,0.0080320578468204
-0.00399720566418805,0.00804286114670998
-0.00377445959953215,0.00793988366843234
-0.00356711108311868,0.00775482104544838
-0.00332726155457041,0.00743605611703507
-0.00312286342737277,0.00706166685035679
-0.00295591056370836,0.00665882941530765
-0.0028268514722566,0.0062448172730757
-0.00270080398701814,0.00560789410792051
-0.00265753463692399,0.00497183271079139
-0.0026928664914584,0.00433559956483514
-0.00280270153955,0.00369544886158386
-0.0029645423064685,0.00310698956763567
-0.00318242923382253,0.00252350553250874
-0.00345106183279979,0.00197213855877273
-0.00376119443118195,0.00150403107558659
-0.00409908100683066,0.00119042680787313
-0.00443870836864609,0.00114432125342251
-0.00474451692708859,0.00146466412751649
-0.00497434139085242,0.00220664402127717
-0.00507205316916544,0.00308628388775769
-0.00507439125806251,0.00413826050273634
-0.00496931549915236,0.0052551590243727
-0.00475581081398514,0.00633696007538641
-0.00444124008055872,0.00727820454464861
-0.00403882987240877,0.00800148729312145
-0.00356553627793017,0.00848383633124259
-0.00303952447029375,0.00874150611099858
-0.00251077383963155,0.0088216664273183
-0.00195906583866428,0.00879251136119036
-0.0013906244962661,0.008697097269211
-0.000808925685542343,0.00856999552487452
1.11482033185636e-05,0.00838109250047088
0.000854889170547939,0.00818272118743975
0.00171785416399407,0.00791827818307756
0.00258562954182329,0.00745436327574757
0.00322010106032006,0.00686524473662058
0.00381954537188518,0.00596292248935578
0.00435626172019156,0.00468353193808474
0.00480124354038842,0.00301806148534864
0.00505608695706934,0.00155927647411895
0.00523461197178285,-9.67811743043468e-06
0.00533196120608981,-0.00160498403725087
0.00534945581601128,-0.00314046358849844
0.00529336744486625,-0.00453116879948188
0.00517343151794058,-0.00571123290000936
0.00500215455069294,-0.00664362963386142
0.00479385077277216,-0.0073210650407817
0.00458025744630951,-0.00773684065897647
0.00435709539369066,-0.00797200565118184
0.0041329090771014,-0.00805519025882083
0.00391463747315767,-0.00801832148314106
0.00366600731486293,-0.00785653115044217
0.0034399896082133,-0.00760384490901463
0.00324069138562695,-0.00729320218892356
0.00307040847028307,-0.00694940393169586
0.00287802251536452,-0.00642917212938586
0.00274641098312857,-0.00589764317983592
0.00267374743398551,-0.0053662930341915
0.0026575640596007,-0.00483755829715992
0.00273359677596318,-0.00404080859008039
0.00292559674497708,-0.00322900132575733
0.0032249129815145,-0.00242067145816768
0.00361668447308867,-0.00169592654458452
0.00388057835734899,-0.0013648061001278
0.00415702462951708,-0.00116270792087128
0.00443130383074177,-0.00114463918328881
0.00468461091857179,-0.00136380640223083
0.00489502667245229,-0.00186516166148029
0.00503587553522795,-0.00263976498717882
0.00508415468963308,-0.00363698438467131
0.00502486254211703,-0.00477732129020132
0.00486287069780904,-0.00587734247860385
0.0045997807501893,-0.00687400011046633
0.00424511016473559,-0.00768604500772821
0.00381454797179742,-0.00827233898205362
0.00334360590760805,-0.00862363913315426
0.00283281113878298,-0.00879386551045013
0.00229362245437586,-0.00882429435222744
0.00173449344240663,-0.00876187280903149
0.00109896441276147,-0.00863662770897688
0.00044772394045356,-0.00848927836475033
-0.000218248280859309,-0.00833830063490499
-0.000898396293290855,-0.00817613399357171
-0.00174588153907919,-0.00791551766187484
-0.00259847768706055,-0.00744696557287961
-0.00342522810160832,-0.00659215941451141
-0.00417695039103705,-0.00517202705851713
-0.00454154392385791,-0.00407556839889348
-0.0048491178353584,-0.00277696204166176
-0.00508855016740523,-0.001315905082133
-0.00525266423559508,0.000246238253756163
-0.00533811754426651,0.00182741610764107
-0.00534579254699895,0.00333323482127356
-0.00528141556306969,0.00468436236928628
-0.00515552174445127,0.00582386039079689
-0.00499998302236315,0.00664487009215486
-0.00481514940575261,0.00726244336322065
-0.00461094814880216,0.00768580013004337
-0.00439656890624135,0.00793672866895537
-0.00415709094744695,0.00804801737459555
-0.0039234788545654,0.00801876282925344
-0.0037023335053861,0.00788338976518023
-0.00349840456460486,0.00767308972221865
-0.00326179366236242,0.00732480424935834
-0.00306362653041176,0.00692750640253732
-0.00290543788878946,0.00650688501233405
-0.00278728997821388,0.006078500194889
-0.00268086134867953,0.00541696407583541
-0.00266243947666221,0.00475625107091057
-0.00272743099967025,0.00409324144121725
-0.00287135623408922,0.00342521130420758
-0.00305343243147929,0.00285305493443572
-0.00328682446791202,0.00229436446491928
-0.00356542728447619,0.00178217683586184
-0.00387874129601632,0.00137306259211103
-0.00421154045429575,0.00114210933550897
-0.00453625755897033,0.00119668270134948
-0.00481731056862137,0.00162136651704508
-0.00501475099727182,0.00245000598188075
-0.00508708264996605,0.0036368935617572
-0.00500976541289332,0.00497275599427181
-0.00477344658598069,0.00623507298808889
-0.00439089138550023,0.00731658545848548
-0.00397629883363757,0.00801889110551942
-0.00349199238726358,0.00847750507971758
-0.00295576330048545,0.00871278707203598
-0.00238333932018417,0.00877313005795269
-0.00181651136848236,0.00872483666322074
-0.00123300938262873,0.00861757293771661
-0.000635836648277392,0.00848506174070529
-2.60716053690708e-05,0.00834592191501177
0.000869075268248678,0.00813546976239202
0.00178716085799793,0.00784317889156086
0.00270973328431262,0.00731472339838897
0.00359624405276813,0.00631455047849589
0.00408496375726407,0.00537704584248036
0.00451771309383327,0.00415324981213742
0.00487490873497508,0.00265673064446386
0.00514088115760811,0.000942442549702271
0.00530455679112881,-0.00088941116987777
0.00536161425849044,-0.00268973709141212
0.00531683440689053,-0.00432566672650672
0.00518484705236569,-0.00569961207700029
0.00502565719506581,-0.00658926974392916
0.00483285315068605,-0.0072523841706836
0.00461810437089415,-0.00769845328784508
0.00439224256964854,-0.00795305702535707
0.00415450906156046,-0.0080515212481562
0.00392314897013982,-0.00801277505107922
0.00370457609956955,-0.00787061679000621
0.00350339389452956,-0.00765550338906698
0.00326831736159048,-0.00729892597744418
0.00307248074058468,-0.00689390745988566
0.00291736893213453,-0.00646599002590571
0.00280299583030713,-0.00603052186018098
0.00270378179746305,-0.00535949002332903
0.00269368644959348,-0.00468868601409553
0.00276806474406134,-0.00401527587684208
0.00292229625284534,-0.00333804168054961
0.00311017805587729,-0.00277031671931448
0.00334773851295845,-0.00222150523508857
0.00362834114825073,-0.00172722615448206
0.00394077907256525,-0.00134617998999563
0.00426904229054601,-0.00115467458080936
0.00458482672348086,-0.00125621454927496
0.00485257500499976,-0.00172772171789572
0.00503342104588758,-0.0025929378369453
0.00508857079996098,-0.0037748067666675
0.00499925945740742,-0.00508609789033767
0.00475792278296687,-0.00632063702695639
0.00437729679710577,-0.00737013653671548
0.00395725242604064,-0.00805984359399514
0.00346821668206242,-0.00850494118328943
0.00292803519010586,-0.00872790000675396
0.00235233398573082,-0.00877865076582638
0.00178315110085803,-0.00872438876198845
0.00119751189101615,-0.00861384827000444
0.000598252271452711,-0.00848002121930378
-1.36557061526125e-05,-0.00834042182799443
-0.000905644450631553,-0.00812976395249875
-0.00181998483141854,-0.00783239219086218
-0.00273768245247532,-0.00729211543522847
-0.00361771447145236,-0.00627514470394948
-0.00409616597078759,-0.00534032303451636
-0.00451975939347875,-0.00412812967370212
-0.00486986121502572,-0.00265272723262283
-0.00513157812939899,-0.000967355366222515
-0.00529437459475833,0.000832386189687479
-0.00535399342631991,0.0026052931827231
-0.00531473459642898,0.00422438637850632
-0.0051901921826803,0.00559465318038712
-0.00503630757465347,0.00649714149731958
-0.00484824700984326,0.00717696878631245
-0.0046374344434064,0.00764182137352194
-0.00441455962946299,0.00791546944961965
-0.00417801920535775,0.00803272192127902
-0.00394688547120665,0.00800980303059284
-0.00372772213841446,0.00788042238748091
-0.0035252841709556,0.00767529972538015
-0.00328931623444331,0.0073311483723215
-0.00309137313776784,0.00693603271610897
-0.0029331240689395,0.00651602944759364
-0.00281474043479113,0.00608712204154829
-0.00270775287706639,0.00542296748873582
-0.00268885698680189,0.00475881403392458
-0.00275353959958358,0.00409237165160883
-0.00289732670364771,0.00342164577820546
-0.00307898689289399,0.00284933305533257
-0.00331173611368369,0.0022920719771175
-0.00358935020534783,0.00178326157297233
-0.00390121182017989,0.0013795349703795
-0.00423199876437549,0.00115571456917145
-0.00455418392407347,0.00121765176915983
-0.00483243403477688,0.00164801819488897
-0.00502726430341938,0.00247891136895692
-0.00509785614725047,0.00366311235878459
-0.00502003565258919,0.00499434860334362
-0.00478460127053791,0.00625325140909095
-0.00440415344822193,0.00733209610552655
-0.00399021392705818,0.00803504853976584
-0.00350660113014219,0.00849433858415382
-0.00297109405382681,0.00873023065911932
-0.00239941736034992,0.00879104688934788
-0.00183341673438648,0.00874305977954011
-0.00125077550986778,0.00863596324864097
-0.000654496406557607,0.00850352502880137
-4.5652338047813e-05,0.00836449670176472
0.000850118608426478,0.00815419161826847
0.00176903910676404,0.00786318175934467
0.0026927820362634,0.00733736032247285
0.00358085984962418,0.00634061444210061
0.00407252775369831,0.0054007994532364
0.0045077721660069,0.00417188818485571
0.00486670479272994,0.0026675503458196
0.00513343072950473,0.000943557261671631
0.00529674628688091,-0.000898153008933206
0.00535237562249408,-0.00270592347510658
0.00530531915935851,-0.00434519175469558
0.00517058867336191,-0.00571788020455073
0.00500959946348406,-0.00660134311295516
0.00481530814488721,-0.00725744269168555
0.00459944301423684,-0.00769638357465479
0.00437285522155095,-0.00794435794330989
0.00413492539333466,-0.00803686391175094
0.00390372205893364,-0.00799348917803978
0.00368559637810101,-0.00784800678175845
0.00348509092492234,-0.00763071620067286
0.00325062869099103,-0.00727166387250725
0.00305581632137551,-0.00686516592295046
0.00290206940828632,-0.00643648768842143
0.00278934715629462,-0.00600068175605919
0.0026933199905911,-0.00533164498176703
0.00268634376357333,-0.00466251635003364
0.00276381348872907,-0.0039900963999366
0.00292116865953047,-0.00331311705229434
0.00311226874824147,-0.00274386561940859
0.00335335479601371,-0.00219374431905988
0.00363766746211987,-0.00169943702841323
0.00395372294023668,-0.00132132560030968
0.00428509458468412,-0.00113772328845925
0.00460266975139555,-0.00125417891310477
0.00487003153471585,-0.00174778467057058
0.00504761535891675,-0.00263974410641806
0.00509667983302374,-0.00383360446254869
0.0050014322162835,-0.00514883556546591
0.00475511924309642,-0.0063809733205752
0.00437096664806166,-0.00742204759391791
0.00394673580840505,-0.00810486071928989
0.00345413510910902,-0.0085417826795947
0.00291104865129976,-0.00875696398822763
0.00233302157197681,-0.00880157784268541
0.00176206627694802,-0.00874349819166045
0.00117488214677922,-0.00863085974672023
0.00057419257691831,-0.00849620073941468
-3.91001024406664e-05,-0.0083563112447476
-0.000929105497511614,-0.0081454375899269
-0.0018409282745608,-0.00784462666495258
-0.00275526637206778,-0.00729657047375531
-0.00363089960426059,-0.00626886896131363
-0.00410371821285059,-0.00533380636910986
-0.00452221885915288,-0.00412589629573942
-0.00486828378150786,-0.0026596991181433
-0.00512744523847418,-0.000987640343461663
-0.00528946758993074,0.000797010768534464
-0.00535014674751538,0.00255716204302801
-0.00531353977203824,0.0041689537895153
-0.00519269033690877,0.00553879169996592
-0.00504137425103662,0.00644978133396673
-0.0048555462878315,0.0071400550521223
-0.00464649472649544,0.00761633883349187
-0.0044248288580857,0.00790144241868421
-0.00418839712382636,0.0080300341961462
-0.0039567976871139,0.00801668426785239
-0.00373667812223272,0.00789510795812286
-0.00353287721169598,0.0076962173895184
-0.00329550104379666,0.00735984380120071
-0.00309540975963887,0.0069712389039419
-0.0029343626849868,0.00655681288318314
-0.00281260668452153,0.00613291882354894
-0.0026996524104155,0.00547832750029762
-0.00267308694582263,0.00482408009468647
-0.00272850667712192,0.0041680723200631
-0.00286158540590731,0.00350743928839179
-0.0030373732070708,0.00292987182610057
-0.00326588000498602,0.00236344481202241
-0.00354124048693554,0.00183949131548273
-0.0038533322751246,0.00141295796510493
-0.00418738174318641,0.00115771907205337
-0.00451634012944004,0.00118265523917341
-0.00480473187693176,0.00157644023449451
-0.00501208452553495,0.00237909120259428
-0.00509554979208415,0.00356797115361269
-0.005026121446065,0.00491823776347852
-0.00479324316703,0.00619608258982503
-0.00440971704439969,0.00729648265125138
-0.00399985211672938,0.0080049079629934
-0.00352012802523314,0.0084713771118617
-0.00298818719637187,0.00871469663682252
-0.00241973001817077,0.00878188727805252
-0.00185541540032051,0.00873808629473189
-0.00127428282517602,0.00863334469722584
-0.000679451126080654,0.00850188724364108
-7.20699964236347e-05,0.00836318717742073
0.000825976929938712,0.0081528764454332
0.00174759482499885,0.00786500079059639
0.0026747930866601,0.0073466864587245
0.00356735798146678,0.00636055712603181
0.00406561696536975,0.005419492482562
0.00450675070936121,0.00418362764633028
0.00487023900608995,0.00266619883603508
0.00513966967261084,0.00092408221554664
0.00530348158773187,-0.000937723067140595
0.00535737104605848,-0.00276228115787402
0.00530667799530088,-0.004411184866029
0.00516712236804174,-0.00578483232279698
0.00500278538771527,-0.00665922028657098
0.00480554673257076,-0.007303877899019
0.00458728987222109,-0.0077302038526427
0.00435895219297221,-0.0079655607449561
0.00412047221728559,-0.00804583883858621
0.00388934990887212,-0.00799222514568093
0.00367183651754998,-0.00783850100206635
0.00347237562174626,-0.00761475892010709
0.00323880989197217,-0.00724749142106287
0.00304571465688755,-0.00683436189392717
0.00289438643764898,-0.00640025853742005
0.00278468431196598,-0.00595980645210618
0.00269445804648775,-0.00528692152504571
0.00269368782704865,-0.00461391142354353
0.00277771430305328,-0.00393739357061068
0.00294189349706564,-0.00325685803826868
0.00314215251956151,-0.00267788776419814
0.00339360754186385,-0.0021228612191167
0.00368850645621696,-0.00163355827449623
0.00401367803749292,-0.0012776513341441
0.00435040653759067,-0.0011415910978871
0.00466570276833694,-0.0013351859228592
0.00491960342290021,-0.00193009802235943
0.00507038841636065,-0.00293070150872584
0.00508348435510292,-0.00414671489829735
0.00495581120615188,-0.00544088681210874
0.00468455494853094,-0.00662501673244439
0.00428473010967713,-0.00759585730716207
0.00383977340295215,-0.00822747522073338
0.00332980409592281,-0.00861240519323546
0.0027726302034273,-0.00878257286261729
0.00218316554700176,-0.00879404639157566
0.00160103993922354,-0.00871615284694719
0.00100329619885458,-0.00859312320060237
0.000392101374407929,-0.00845450191375372
-0.000231936175365706,-0.00831243674535651
-0.00111087913654272,-0.00809766146964892
-0.0020086081975666,-0.0077701049729166
-0.00290336913216616,-0.00716546978373088
-0.0037519960805917,-0.00605980438079418
-0.00418118297845398,-0.0051393783141657
-0.00456095857872448,-0.00398304079466422
-0.00487692565206457,-0.00260675550317279
-0.00511761053296085,-0.00105557605642062
-0.00527483283782813,0.000595192712010847
-0.0053447671353346,0.00223825128761679
-0.00532979294459392,0.00377300714973011
-0.00523912722922431,0.00511789520345899
-0.00511021568894877,0.00608249309631532
-0.00494457969053798,0.00684333064288884
-0.00475244740397664,0.00739973772932965
-0.00454378026708048,0.00776697091706898
-0.00431289928309628,0.00797929714419093
-0.00408252358309797,0.00803688264989212
-0.00385992412416925,0.00797262742327623
-0.00365059348111903,0.00781831823451858
-0.0034089228369173,0.00753363186502268
-0.00319956349031776,0.00718530607681981
-0.00302503526893291,0.00680202252979416
-0.002886238309508,0.00640290130287168
-0.00274347293679227,0.00579284045635576
-0.00267777930403022,0.00518176739997738
-0.00268556426680496,0.00457157191658734
-0.00276316869963121,0.00395915035794658
-0.00290036559221197,0.00336492082693199
-0.00309640444326421,0.00276991297147912
-0.00334683879651143,0.00219429006207789
-0.00364405437517074,0.00168020788200578
-0.00397653184702855,0.00128984168257499
-0.0043220230143039,0.00113018286375231
-0.00464809183904906,0.00130646459617084
-0.0049138321534043,0.00189639842350719
-0.00504528161284597,0.00262885063389571
-0.00509715998571958,0.00355866933810356
-0.00505522407558251,0.00460750029347089
-0.00491379259030082,0.00568797019707587
-0.00467429793737495,0.00669612514145768
-0.00434476843060114,0.00753994940832627
-0.00393825597807972,0.00817139713677506
-0.00347103637132264,0.0085800017371714
-0.00297679694061589,0.00878626876343598
-0.00245270938093862,0.00884788670403449
-0.00190740937326253,0.00880801514256337
-0.001346629360708,0.0087079384986808
-0.000647078042075774,0.00855194155761802
7.03096350990683e-05,0.00838839827332416
0.000804780626324894,0.00821709914228269
0.00155374904905086,0.00799798813250999
0.00237629330765354,0.00762094070141424
0.00318404974538533,0.00692003543841658
0.00393602970963407,0.00572345217658632
0.00457847942388871,0.00392624712286346
0.00488739096319734,0.00254478331497542
0.00512143856383741,0.0010008665460709
0.00527232064848217,-0.000627642781414083
0.00533811753866858,-0.0022517456493036
0.00532230998506039,-0.00377366118775042
0.00523290104179364,-0.0051068839196931
0.00508186997856741,-0.00619549264199492
0.00488430149015508,-0.00701625773507295
0.00468031509196887,-0.00753107701997873
0.00446198599778045,-0.00785388937070145
0.00423850500406396,-0.0080105930450718
0.00401755500346405,-0.00803270565821835
0.00376945407987718,-0.00792948924953823
0.00353997095094685,-0.0077241239048429
0.00333381176996978,-0.00745042766478191
0.00315384123534865,-0.00713500930805514
0.00294694435061453,-0.0066541297731697
0.00279507186941724,-0.00615469214206657
0.00269720098140663,-0.005652001601764
0.00265142909280249,-0.0051515858948605
0.00267402595651924,-0.00441231901959292
0.00279994699320276,-0.00366240083938309
0.00302321222713833,-0.00290378896828801
0.00333562993730712,-0.00216966274802863
0.0036015978588397,-0.00170561259864657
0.0038964659638802,-0.00133828001386767
0.00420589476961205,-0.00113274501732472
0.00450930714639497,-0.00116524218056358
0.00478078377718414,-0.00151543902469416
0.00498461169391107,-0.00220858914708041
0.00508732544423993,-0.00321255992876556
0.00506410009444519,-0.00444840246303504
0.00492678805387889,-0.00560600261741226
0.00467903273518975,-0.00667934137971424
0.00432960051155461,-0.00756877398857631
0.00389521273849148,-0.00822059236460857
0.0034199200079208,-0.00861337613905111
0.00290094361308752,-0.00881016412877896
0.0023510044453337,-0.00885395203558513
0.00177959520268085,-0.00879562186788635
0.00115208188419585,-0.00867439417586692
0.000509211954752434,-0.00852938614820929
-0.000147977648797264,-0.00838028632726616
-0.000819022698303952,-0.00822220003475069
-0.00166991727050939,-0.00796979350525303
-0.00252765826490144,-0.00752133003610739
-0.00336243452596348,-0.00669910814107452
-0.0041257665077522,-0.00531748629951126
-0.00450081205239334,-0.00423251868833452
-0.00481883850995429,-0.00293756157078907
-0.00506809687070664,-0.00147071029386633
-0.00524080415026705,0.000106803022281655
-0.00533307782247757,0.00171129632225448
-0.00534542511284617,0.00324456330882629
-0.00528346587447788,0.00462346264157693
-0.00515794488178444,0.00578782594320709
-0.00500283849650161,0.0066203994413636
-0.00481787061468021,0.00724803179233636
-0.00461306938833368,0.00767960753399472
-0.00439773719786071,0.00793689302948021
-0.00415793871344551,0.00805312785047599
-0.00392374836948668,0.00802820681886104
-0.0037017886932661,0.00789655987226686
-0.00349683368124312,0.00768944734398772
-0.00325878927713642,0.00734505320379185
-0.00305883960232343,0.00695125152771082
-0.00289854716723785,0.00653391934547228
-0.00277799441803502,0.00610879108379372
-0.00266729293084404,0.00545251758395239
-0.00264390064049205,0.00479763258147883
-0.00270322790115365,0.00414087912430967
-0.00284084371442061,0.00347874822503651
-0.00301974445561782,0.00290286888071846
-0.0032511362248335,0.00233766719881964
-0.00352913515047718,0.0018149643218592
-0.00384351756458224,0.00139057283451574
-0.00417933234380123,0.00113944583469327
-0.00450910960269649,0.0011717393772666
-0.0047968956852459,0.00157639741082352
-0.00500180760524308,0.00239214167972832
-0.00508076375388628,0.00358409927857897
-0.00500702362139425,0.00493223429874956
-0.00477058228728482,0.00620484276605503
-0.00438450640414452,0.00729656467350783
-0.00397100750549248,0.00799939165713451
-0.00348779450734508,0.00845936508939562
-0.00295259441506697,0.00869641059499237
-0.0023811043520601,0.00875846562880097
-0.00181442718180592,0.00871134122105577
-0.00123099461684976,0.00860473929468231
-0.00063384768342824,0.00847250204042802
-2.40922948593161e-05,0.00833341184884969
0.000871424749057388,0.00812290361774245
0.00178992060108039,0.00783100149547363
0.00271298541309731,0.00730366649120597
0.00360012158796914,0.00630522343187342
0.00408933153078627,0.00536875716462131
0.00452260227309919,0.00414575499843333
0.00488031748340054,0.00264958684721839
0.00514676697278288,0.000935097768523967
0.00531083444394104,-0.000897510901813953
0.00536816159039007,-0.00269890265253688
0.0053235130165082,-0.00433592494370682
0.00519153092681425,-0.00571076075334837
0.0050322908928145,-0.00660077869919782
0.00483939515597549,-0.00726396175165724
0.00462453073891478,-0.00770979699834634
0.00439854679471547,-0.00796389900647877
0.00416079485980133,-0.00806160462102441
0.00392942957402315,-0.0080220216489266
0.00371086702834766,-0.00787896154936918
0.0035097122626409,-0.00766289777060422
0.00327467296710451,-0.00730496076266415
0.0030789174118907,-0.00689853420700023
0.00292393162241021,-0.00646918874219291
0.0028097285391945,-0.00603229650757662
0.00271081912274841,-0.00535867586263173
0.00270123290512881,-0.00468541388951228
0.00277628617098173,-0.00400983137662357
0.00293129694979451,-0.00333101908423625
0.0031206800335012,-0.0027605890804916
0.00336001269618659,-0.00221061623199258
0.00364238890864704,-0.00171788126428553
0.00395618192043157,-0.00134267496059322
0.00428483534013577,-0.00116300202812017
0.00459915836953319,-0.0012831146171676
0.00486280416594869,-0.00177844168078307
0.00503645529863293,-0.00266859145457587
0.00508195290236921,-0.00385344905831169
0.00498419546350441,-0.00515641757980928
0.0047366716354785,-0.0063762947119224
0.0043525398022424,-0.00740569087474494
0.00392713331614766,-0.00808209063117544
0.00343346755724246,-0.00851352597667706
0.00288940632683046,-0.00872443909693775
0.00231044790887465,-0.00876609120620706
0.00173842940666203,-0.00870627460221676
0.00115010060439805,-0.00859274094174452
0.000548147369506812,-0.00845773488299542
-6.65452251407371e-05,-0.00831760655980518
-0.000955288528313895,-0.00810638821632982
-0.00186566722269848,-0.00780278576135321
-0.00277805146578773,-0.00724869741081163
-0.00365089040834216,-0.00621241555101936
-0.00411728474685377,-0.00528225292072099
-0.0045302257185654,-0.00408528623677857
-0.00487217734965388,-0.00263610882553798
-0.00512912617948295,-0.000985757398804382
-0.00529113126475418,0.000775627915809606
-0.0053539918544158,0.00251588244946722
-0.00532144316495502,0.00411479284551939
-0.00520588241801013,0.00548040268876608
-0.00505843178622948,0.00639874244788872
-0.00487609533214972,0.00709893042186209
-0.00467001277963628,0.00758645477731914
-0.00445071356664809,0.00788291812994635
-0.00421568478876354,0.00802264895343837
-0.00398487695919965,0.00801849841360598
-0.0037650379907323,0.00790403636464536
-0.00356111058180433,0.00771029542250916
-0.00332411956885024,0.00737981552463525
-0.00312372747053088,0.00699518470344232
-0.00296182699219734,0.00658314741685343
-0.00283877973196852,0.00616048571831634
-0.00272338172764975,0.00550816106328052
-0.00269333253011858,0.00485566782487939
-0.00274435995214111,0.00420177260879471
-0.00287221252537917,0.00354401821543711
-0.00304475150464091,0.00296381361784397
-0.00327045678317558,0.00239490764369964
-0.00354346332286722,0.00186815410331445
-0.00385370479211566,0.00143786217358642
-0.00418650707612548,0.00117721864623098
-0.00451502447251567,0.00119464076014213
-0.00480396105414071,0.00157906159604381
-0.00501292590178322,0.00237166317881515
-0.00509902102001467,0.00355707002293345
-0.0050318488782404,0.00490704794535612
-0.00480050086980526,0.00618585627920282
-0.00441767653393206,0.00728920926636622
-0.00400965929074829,0.00799873153830228
-0.00353174123761218,0.00846721805138448
-0.00300150162854383,0.00871288314400956
-0.00243462330757372,0.00878220062698762
-0.0018713728105019,0.00873984175093344
-0.00129123514873128,0.00863592793467402
-0.000697365430241378,0.00850482352361857
-9.0934977026749e-05,0.0083662802189153
0.000808191785176864,0.00815599904500417
0.00173118993868747,0.00786967372085409
0.00266021487180755,0.00735487402996763
0.0035551160212716,0.00637341417305855
0.00405655082052305,0.00543144218154812
0.00450046799801156,0.00419189277775709
0.00486601973607589,0.00266792028455694
0.00513653839505257,0.000917087146335193
0.00530030060353818,-0.000953921846534914
0.00535302542404896,-0.00278546615549005
0.00530026635819738,-0.0044373072151747
0.00515814005012677,-0.00580929125017258
0.00499214736602088,-0.0066772729739722
0.00479355116134074,-0.00731464771865333
0.00457430210361425,-0.00773349155047081
0.00434536590686779,-0.00796177287072961
0.00410691465548765,-0.00803555936296092
0.00387618264874178,-0.00797674390294108
0.00365936049145399,-0.00781905449696056
0.00346083364150021,-0.00759241395986575
0.00322825308785738,-0.00722151745540263
0.00303660565237633,-0.00680562605516043
0.00288712439062938,-0.00636935597903214
0.00277961852570371,-0.00592705136922056
0.00269343879383805,-0.00525296813581067
0.00269700148654505,-0.00457834184414058
0.00278565836228239,-0.00389967479272933
0.00295475805427002,-0.00321691954861715
0.00316054760054822,-0.00263398902309548
0.00341801755834831,-0.00207758873872369
0.0037188982626659,-0.00159233871172697
0.00404912312130303,-0.001249839062342
0.00438875665751021,-0.00114090764458928
0.00470281140878142,-0.00137667614328826
0.00494960537955326,-0.00202496100707544
0.00508653693514837,-0.00308092602351106
0.00508250032935924,-0.00430875701197266
0.00493937062822183,-0.00559395234444169
0.00465614098597464,-0.00675588774791522
0.00424864334986579,-0.00769445669933319
0.00379458151581246,-0.00830068913184045
0.00327746093763252,-0.00866102696028402
0.00271491341785042,-0.00881088939848386
0.00212144233123255,-0.00880818577806087
0.00153404035726859,-0.00872203102962202
0.000931291245629659,-0.00859482735183665
0.00031512035659735,-0.00845465290685897
-0.000313972854547224,-0.00831139758293028
-0.00118848885209535,-0.00809370001407984
-0.00208027620742099,-0.00775208593681002
-0.00296643671247839,-0.00711931499855073
-0.00380293891062378,-0.00597570005936574
-0.00421334725809179,-0.00506126002752791
-0.00457639577771208,-0.00392615169119662
-0.00487913345288604,-0.00258677688842517
-0.00511125413125096,-0.00108529554125441
-0.00526539404806391,0.000509754831656531
-0.00533796916865713,0.00210221705094777
-0.00533083402413608,0.00360073037520723
-0.00525185306584404,0.00492933037591697
-0.00513218449545489,0.00591394931120797
-0.00497507623464264,0.00670256749108286
-0.00479028222073255,0.00729168849466873
-0.00458744433306168,0.00769351005752857
-0.00435925761101357,0.00794301707370702
-0.00412970716682122,0.00803279196470892
-0.0039063020002343,0.00799515534251534
-0.00369479784863747,0.0078620715292117
-0.00345089132818836,0.00760047462922114
-0.00323737603408113,0.00727017994144364
-0.00305708555870443,0.00690086334072088
-0.00291118665502173,0.00651282498024275
-0.00275686642840924,0.00592264997405548
-0.00267596767595924,0.00533035568657538
-0.00266522888873095,0.0047395525560771
-0.00272123503185685,0.00414764854668373
-0.00284118774141851,0.00354811207577819
-0.00302259192964202,0.00294417872842891
-0.00326145154453048,0.0023515115335863
-0.00355107385405305,0.00180668903245674
-0.00388120480003323,0.00136646505243483
-0.00423170684288118,0.00113424641759581
-0.00457172319255862,0.00121945254407003
-0.00486064195787783,0.00171440250893496
-0.00500779684472716,0.00234164134984671
-0.00508750227845661,0.00316891670186552
-0.00508542251923211,0.00413925317890419
-0.00499373608096763,0.00517966673756206
-0.00481038773901201,0.00619718340417282
-0.00453944046055796,0.00709901979459275
-0.004190290533095,0.00782486105824044
-0.00377654063811184,0.0083469120798952
-0.00331676803382555,0.00866815615674927
-0.00282078596079544,0.00882264780673993
-0.00229879919957322,0.00884857748512861
-0.0017583289760096,0.00878837026766957
-0.0011198948297099,0.00866279281223874
-0.000465621101836827,0.00851461898786148
0.00020349912506465,0.00836290528938774
0.000886926993891147,0.00820015437882608
0.00173692373314138,0.00793909979875557
0.00259206330238036,0.00746855378962763
0.00342107389578482,0.00660852706248549
0.00417424828474538,0.0051787142500351
0.00453881149265427,0.00407563617680615
0.00484587859355156,0.00276996032433797
0.00508429679863673,0.00130220212243507
0.00524692641212163,-0.000265429285851619
0.00533051699945506,-0.00185002095150054
0.00533609071986676,-0.00335664329113601
0.00526953546852169,-0.00470590431584678
0.0051415509812806,-0.00584122855752937
0.00498453821127308,-0.00665619506208152
0.00479855157367784,-0.0072675735146835
0.00459352315245596,-0.00768509784940425
0.00437862240926725,-0.00793092670223576
0.00413866560431399,-0.00803769783304397
0.00390485769155779,-0.00800492597513103
0.00368375207421716,-0.0078670724898147
0.00348004979483171,-0.00765524282950547
0.00324355836250571,-0.00730546622068871
0.00304580626771032,-0.00690759746256421
0.0028882651612098,-0.00648710606158077
0.0027709464882198,-0.00605930966668657
0.0026662703122504,-0.00540126388125049
0.00264930115545869,-0.00474399371217137
0.00271547745871749,-0.00408395446989527
0.00286038768072855,-0.00341809238395018
0.00304345341167389,-0.00284631505147484
0.00327796811362503,-0.00228698758987214
0.00355791678633221,-0.00177305691025576
0.00387287881065843,-0.00136120821576664
0.00420768624050305,-0.00112685682656748
0.00453474375084505,-0.00117851835259007
0.00481830700158891,-0.00160211759298552
0.00501812706808905,-0.00243262660335293
0.00509226254086342,-0.00362561864648012
0.00501584612946241,-0.00496913042968922
0.00477942212966014,-0.00623801736110671
0.00439589061576891,-0.00732514694770061
0.0039814396513106,-0.00802946695078528
0.0034973027493563,-0.00848969582860418
0.00296127257538183,-0.00872619813463283
0.00238908053589354,-0.00878739782197571
0.00182244706790723,-0.00873961740052928
0.00123918379267871,-0.00863262063203387
0.000642303810771465,-0.00850021610050874
3.2891057006441e-05,-0.00836113694833623
-0.000862590107999232,-0.00815073581001323
-0.00178100305989233,-0.00785910956699019
-0.00270399501895953,-0.00733219108718612
-0.00359114266609405,-0.00633436266572817
-0.00408189988718095,-0.00539499985874328
-0.00451639863819388,-0.00416731607194053
-0.0048748633342296,-0.002664865622019
-0.00514147450650644,-0.000943075501328974
-0.00530506227608396,0.000896770814613511
-0.00536131232441947,0.00270388546166767
-0.00531512134081568,0.00434418644552129
-0.00518134032177067,0.00571959988881399
-0.00502084579542455,0.00660723049225388
-0.00482685132131713,0.00726747034861022
-0.00461107299442572,0.00771022330786208
-0.00438436656596891,0.00796146178427654
-0.00414607468959005,0.00805667663590459
-0.00391433545769759,0.00801525944361329
-0.0036955310319,0.00787105715967511
-0.00349423236335098,0.00765449412465952
-0.00325881701561411,0.00729622374687178
-0.00306284330659097,0.00689013925276325
-0.00290775041460417,0.00646168222099068
-0.00279351279195674,0.00602606858904005
-0.00269478150216145,0.00535675580438291
-0.00268491063274955,0.00468792745433971
-0.00275924759937423,0.00401647162431686
-0.0029131912330764,0.00334091383071551
-0.00310152095272369,0.00277194248995629
-0.00333982677883803,0.00222140278157568
-0.00362146647645691,0.00172503940096085
-0.00393518281104048,0.00134199201990995
-0.00426486528354112,0.00114924233540556
-0.00458192939883532,0.00125151663634822
-0.00485043642676489,0.00172655103727307
-0.00503110196807613,0.00259799274944959
-0.00508485571265438,0.00378308902857195
-0.0049937865223189,0.00509582738718523
-0.00475052105520967,0.00632959618132697
-0.00436799478318624,0.0073763516385495
-0.00394626298327741,0.00806304975083645
-0.00345568226821995,0.00850479867625157
-0.00291412309928623,0.00872463983402924
-0.00233719314232924,0.00877293381071263
-0.00176701549678734,0.00871713705326244
-0.00118042253731237,0.00860576033379873
-0.000580210928932869,0.00847159719995226
3.26688371039521e-05,0.00833182715564198
0.000224127245726184,0.00828824205580884
0.000416789770150037,0.0082439589487889
0.000610634703971915,0.00819842255284545
0.00080562382565141,0.00815087999833184
