0
0.1
0.2
0.3
0.4
0.471760575106402
0.543521150212803
0.615281725319204
0.687042300425606
0.758802875532008
0.830563450638409
0.90232402574481
0.974084600851212
1.03378511914688
1.09348563744255
1.15318615573822
1.21288667403389
1.27790647655612
1.34292627907835
1.40794608160058
1.47296588412281
1.53142288304997
1.58987988197713
1.64833688090428
1.70679387983144
1.77618892052645
1.84558396122147
1.91497900191648
1.9843740426115
2.03335434491912
2.08233464722674
2.13131494953436
2.18029525184198
2.22927555414961
2.27825585645723
2.32723615876485
2.37621646107247
2.42404613511599
2.47187580915951
2.51970548320303
2.56753515724656
2.62035815717751
2.67318115710847
2.72600415703943
2.77882715697038
2.84603643198066
2.91324570699093
2.9804549820012
3.04766425701148
3.12919875722823
3.21073325744499
3.29226775766175
3.37380225787851
3.42529529714982
3.47678833642114
3.52828137569245
3.57977441496377
3.63126745423508
3.68276049350639
3.73425353277771
3.78574657204902
3.84954916322175
3.91335175439447
3.97715434556719
4.04095693673991
4.12500047234687
4.20904400795383
4.29308754356079
4.37713107916775
4.43374267550225
4.49035427183676
4.54696586817127
4.60357746450578
4.66018906084028
4.71680065717479
4.7734122535093
4.8300238498438
4.91211726657501
4.99421068330622
5.07630410003744
5.15839751676865
5.24583860831593
5.33327969986322
5.4207207914105
5.50816188295779
5.57585005935439
5.64353823575099
5.71122641214758
5.77891458854418
5.83286542218657
5.88681625582897
5.94076708947136
5.99471792311376
6.04866875675615
6.10261959039854
6.15657042404094
6.21052125768333
6.27029417964943
6.33006710161553
6.38984002358163
6.44961294554773
6.50788577518631
6.56615860482489
6.62443143446348
6.68270426410206
6.75086853395798
6.81903280381391
6.88719707366984
6.95536134352576
7.01995678528269
7.08455222703962
7.14914766879656
7.21374311055349
7.27833855231042
7.34293399406735
7.40752943582428
7.47212487758121
7.52723985755063
7.58235483752006
7.63746981748949
7.69258479745891
7.76023893747462
7.82789307749032
7.89554721750603
7.96320135752173
8.03507105056008
8.10694074359843
8.17881043663677
8.25068012967512
8.30667203276642
8.36266393585773
8.41865583894904
8.47464774204034
8.53063964513165
8.58663154822296
8.64262345131427
8.69861535440557
8.75754874380873
8.81648213321188
8.87541552261504
8.93434891201819
9.02257070322172
9.11079249442525
9.19901428562878
9.28723607683231
9.36894113540774
9.45064619398318
9.53235125255861
9.61405631113405
9.69587771419858
9.77769911726311
9.85952052032764
9.94134192339217
10.0285187583721
10.1156955933519
10.2028724283318
10.2900492633117
10.3607009441038
10.431352624896
10.5020043056881
10.5726559864802
10.6375675013876
10.702479016295
10.7673905312023
10.8323020461097
10.9154564384606
10.9986108308115
11.0817652231624
11.1649196155133
11.2377572184995
11.3105948214857
11.3834324244719
11.456270027458
11.531283161138
11.606296294818
11.681309428498
11.756322562178
11.8303941176575
11.904465673137
11.9785372286166
12.0526087840961
12.1165294677825
12.1804501514688
12.2443708351552
12.3082915188415
12.3722122025279
12.4361328862142
12.5000535699006
12.5639742535869
12.6328651592477
12.7017560649084
12.7706469705692
12.8395378762299
12.929974647754
13.020411419278
13.1108481908021
13.2012849623262
13.2869682465359
13.3726515307457
13.4583348149554
13.5440180991651
13.6367214373453
13.7294247755254
13.8221281137056
13.9148314518858
13.9968262881137
14.0788211243416
14.1608159605695
14.2428107967974
14.3190627030487
14.3953146092999
14.4715665155511
14.5478184218023
14.6105364150555
14.6732544083087
14.7359724015619
14.7986903948152
14.8785183708312
14.9583463468472
15.0381743228632
15.1180022988792
15.1984592297494
15.2789161606196
15.3593730914899
15.4398300223601
15.5106693188376
15.5815086153152
15.6523479117927
15.7231872082702
15.7982044790256
15.873221749781
15.9482390205364
16.0232562912917
16.087437953603
16.1516196159142
16.2158012782255
16.2799829405368
16.344164602848
16.4083462651593
16.4725279274705
16.5367095897818
16.6110994431373
16.6854892964927
16.7598791498482
16.8342690032037
16.926205081069
17.0181411589343
17.1100772367997
17.202013314665
17.2823627897087
17.3627122647525
17.4430617397962
17.52341121484
17.6031235215232
17.6828358282065
17.7625481348897
17.842260441573
17.9297942792251
18.0173281168773
18.1048619545295
18.1923957921816
18.2673515677635
18.3423073433454
18.4172631189272
18.4922188945091
18.5660131829672
18.6398074714253
18.7136017598833
18.7873960483414
18.8661966001476
18.9449971519538
19.02379770376
19.1025982555662
19.1878106453892
19.2730230352122
19.3582354250351
19.4434478148581
19.5119717740113
19.5804957331646
19.6490196923179
19.7175436514712
19.7970944236534
19.8766451958357
19.956195968018
20.0357467402002
20.0981588725732
20.1605710049461
20.222983137319
20.285395269692
20.3478074020649
20.4102195344378
20.4726316668108
20.5350437991837
20.6044150312908
20.673786263398
20.7431574955051
20.8125287276122
20.8993784035055
20.9862280793988
21.073077755292
21.1599274311853
21.2372547981215
21.3145821650577
21.3919095319939
21.4692368989301
21.5518358713228
21.6344348437156
21.7170338161083
21.799632788501
21.8811611036032
21.9626894187054
22.0442177338076
22.1257460489098
22.2066548669308
22.2875636849517
22.3684725029727
22.4493813209936
22.5223855632713
22.5953898055491
22.6683940478268
22.7413982901045
22.819129950832
22.8968616115595
22.9745932722871
23.0523249330146
23.1160357196893
23.1797465063639
23.2434572930386
23.3071680797132
23.3708788663879
23.4345896530626
23.4983004397372
23.5620112264119
23.6312136232336
23.7004160200554
23.7696184168772
23.838820813699
23.9305720209349
24.0223232281708
24.1140744354067
24.2058256426426
24.2859049805282
24.3659843184138
24.4460636562994
24.5261429941851
24.6066304461826
24.6871178981801
24.7676053501776
24.8480928021751
24.9364175127955
25.0247422234158
25.1130669340362
25.2013916446565
25.2786355514279
25.3558794581993
25.4331233649707
25.510367271742
25.5880868933749
25.6658065150078
25.7435261366407
25.8212457582736
25.9050515433663
25.9888573284589
26.0726631135516
26.1564688986443
26.2367672671906
26.3170656357368
26.3973640042831
26.4776623728293
26.5616551684742
26.6456479641192
26.7296407597641
26.813633555409
26.8984655640755
26.9832975727419
27.0681295814084
27.1529615900749
27.2336879391971
27.3144142883192
27.3951406374414
27.4758669865636
27.5596419111031
27.6434168356427
27.7271917601822
27.8109666847218
27.8964983684222
27.9820300521226
28.067561735823
28.1530934195234
28.2320164817416
28.3109395439598
28.389862606178
28.4687856683963
28.5519918318433
28.6351979952904
28.7184041587375
28.8016103221846
28.8842711425899
28.9669319629952
29.0495927834005
29.1322536038058
29.2132282191714
29.2942028345371
29.3751774499028
29.4561520652685
29.5315909294017
29.6070297935349
29.6824686576681
29.7579075218012
29.8379114652353
29.9179154086694
29.9979193521034
30.0779232955375
30.1430303145124
30.2081373334874
30.2732443524623
30.3383513714372
30.4034583904122
30.4685654093871
30.533672428362
30.5987794473369
30.667338684407
30.735897921477
30.8044571585471
30.8730163956171
30.966784442442
31.0605524892668
31.1543205360917
31.2480885829165
31.3247503560491
31.4014121291818
31.4780739023144
31.554735675447
31.6248044130581
31.6948731506693
31.7649418882804
31.8350106258915
31.9234599984797
32.0119093710679
32.1003587436561
32.1888081162443
32.266899239901
32.3449903635578
32.4230814872145
32.5011726108712
32.5855065841818
32.6698405574923
32.7541745308029
32.8385085041135
32.9245880673161
33.0106676305187
33.0967471937213
33.1828267569239
33.2617912251495
33.3407556933751
33.4197201616007
33.4986846298263
33.5832994842394
33.6679143386525
33.7525291930656
33.8371440474787
33.9240586425005
34.0109732375223
34.0978878325441
34.1848024275659
34.2641549357496
34.3435074439333
34.422859952117
34.5022124603007
34.5871266734577
34.6720408866148
34.7569550997718
34.8418693129288
34.9294428908179
35.0170164687071
35.1045900465962
35.1921636244853
35.2707233227216
35.349283020958
35.4278427191943
35.5064024174306
35.5912469572829
35.6760914971352
35.7609360369874
35.8457805768397
35.9329138109788
36.0200470451178
36.1071802792568
36.1943135133959
36.2731158420261
36.3519181706564
36.4307204992867
36.5095228279169
36.5947234412257
36.6799240545345
36.7651246678433
36.8503252811521
36.9381421708978
37.0259590606435
37.1137759503892
37.2015928401349
37.2815051037426
37.3614173673503
37.4413296309579
37.5212418945656
37.607340551462
37.6934392083585
37.779537865255
37.8656365221514
37.9557775435945
38.0459185650375
38.1360595864805
38.2262006079235
38.3071934094387
38.388186210954
38.4691790124692
38.5501718139845
38.6259549165419
38.7017380190993
38.7775211216567
38.8533042242141
38.9430883995145
39.032872574815
39.1226567501155
39.212440925416
39.2920078531013
39.3715747807866
39.4511417084719
39.5307086361572
39.6095987707408
39.6884889053245
39.7673790399081
39.8462691744918
39.8847018808688
39.9231345872459
39.9615672936229
40
