0
0.0162657138873553
0.0325314277747106
0.0487971416620659
0.0650628555494213
0.0813285694367766
0.0975942833241319
0.113859997211487
0.130125711098843
0.143738304688728
0.157350898278613
0.170963491868498
0.184576085458383
0.198188679048268
0.211801272638153
0.225413866228038
0.239026459817923
0.25285302761
0.266679595402078
0.280506163194156
0.294332730986233
0.307839810940244
0.321346890894256
0.334853970848267
0.348361050802278
0.361789516297806
0.375217981793334
0.388646447288862
0.402074912784391
0.41563789127834
0.429200869772289
0.442763848266238
0.456326826760187
0.470224686674883
0.484122546589579
0.498020406504275
0.511918266418971
0.526680582540187
0.541442898661404
0.55620521478262
0.570967530903836
0.584025946297241
0.597084361690646
0.610142777084051
0.623201192477456
0.636259607870861
0.649318023264266
0.662376438657671
0.675434854051076
0.688755952266488
0.7020770504819
0.715398148697313
0.728719246912725
0.742040345128137
0.755361443343549
0.768682541558962
0.782003639774374
0.796878125216725
0.811752610659075
0.826627096101426
0.841501581543777
0.855361721241544
0.869221860939311
0.883082000637079
0.896942140334846
0.91039470591048
0.923847271486114
0.937299837061748
0.950752402637381
0.964242467626021
0.977732532614661
0.9912225976033
1.00471266259194
1.01846283910053
1.03221301560912
1.04596319211771
1.05971336862631
1.07406428647746
1.08841520432862
1.10276612217978
1.11711704003093
1.13341528876113
1.14971353749133
1.16601178622153
1.18231003495173
1.19904092878412
1.21577182261652
1.23250271644892
1.24923361028132
1.26282773831608
1.27642186635084
1.29001599438561
1.30361012242037
1.31726366354045
1.33091720466053
1.34457074578061
1.35822428690069
1.37235504764033
1.38648580837997
1.40061656911961
1.41474732985926
1.43021114683021
1.44567496380117
1.46113878077212
1.47660259774308
1.48923531008655
1.50186802243003
1.51450073477351
1.52713344711699
1.53976615946047
1.55239887180395
1.56503158414743
1.57766429649091
1.59355430787121
1.60944431925152
1.62533433063183
1.64122434201214
1.65536068262891
1.66949702324568
1.68363336386244
1.69776970447921
1.71123597828212
1.72470225208503
1.73816852588794
1.75163479969085
1.76516518346156
1.77869556723226
1.79222595100297
1.80575633477368
1.81960315813318
1.83344998149269
1.8472968048522
1.86114362821171
1.8757467150721
1.89034980193249
1.90495288879288
1.91955597565327
1.93714564269897
1.95473530974467
1.97232497679037
1.98991464383607
1.99243598287705
1.99495732191803
1.99747866095902
2
