0,0
5.18825490653872e-05,-1.15532813611636e-05
0.000200656134390414,-4.46373929267416e-05
0.000430723711775426,-8.90844380418626e-05
0.000719440301830169,-0.000124320789547652
0.00103887004855634,-0.000123354609995862
0.00135994075925592,-7.11515862823518e-05
0.00165375421710668,1.69059886730124e-05
0.00189239516396714,9.10039133629286e-05
0.00206649090602986,6.43875062823857e-05
0.00209513708673674,-0.00013934452674918
0.00196183263593947,-0.000491229068136957
0.00167469181172769,-0.000871067682783367
0.00133101885417456,-0.00109251347916733
0.000935233102334468,-0.00118602039510798
0.000525784124568711,-0.00117014470152747
0.000139952757754042,-0.00109500392907133
-0.000151491567534435,-0.00103013090662164
-0.000383247487520763,-0.000980771615933123
-0.000543432852662878,-0.000949195191525192
-0.000625265747368428,-0.000930265861639318
-0.000620564213198302,-0.000915097296334754
-0.000518065842503102,-0.000915956716495946
-0.000334910645644144,-0.000940506312182199
-9.63333751898283e-05,-0.000988216745403052
0.00017651650834713,-0.00104988169895878
0.00043859599569007,-0.00109841508226589
0.000656039703272007,-0.00112043739466994
0.00079980079835981,-0.00112056397447753
0.000844988535281256,-0.00111673793077772
0.000749814952161626,-0.00110783610351425
0.000516292815543467,-0.00107985577963275
0.000166055848193612,-0.00101657510695705
-0.000187432355863249,-0.000935234643868891
-0.000566968965575904,-0.000866406483762539
-0.000944421944133827,-0.000837912582937794
-0.00129260847053676,-0.000854322889648116
-0.00160293578171447,-0.000895462854478735
-0.00182331684837426,-0.00088048574260794
-0.00193131681360575,-0.000750602981265142
-0.00191373724643201,-0.000498293441912129
-0.00178660064120446,-0.000202171419849095
-0.00156651950341784,7.4771304488045e-05
-0.00127598023459597,0.000271294892270709
-0.00094504018853908,0.000363314947044982
-0.000579997426340622,0.000361013416048871
-0.00024899998436079,0.000307535652057366
1.43368464825918e-05,0.000249698623228499
0.000185456065107289,0.000211564593636914
0.00024952743511971,0.000196579204711216
0.000181909019476439,0.000211516708464227
-5.11751555988261e-06,0.000254302544365698
-0.0002849033087253,0.000313985260398141
-0.00058714288810413,0.000363288300672079
-0.000901875959424103,0.00037734777829103
-0.0011971290306058,0.000347537392780833
-0.00144258484767936,0.000295223506409871
-0.00162467016777657,0.000266809293267415
-0.00167819719919907,0.00032763698256968
-0.00158675160039341,0.000481434773424801
-0.00135386872031527,0.000663791413954626
-0.00104091369870292,0.000766403827533993
-0.000666629398150215,0.000782869203575569
-0.000269764576312421,0.000727068342410591
0.00011039890008427,0.000641002235313613
0.00044544647374872,0.000575254736615509
0.000693817045968451,0.000535692841859787
0.000833881869176137,0.000510919127001688
0.000855082424038825,0.000488436577073228
0.000770783044169156,0.000467034239160139
0.000599571167742604,0.000465383304703612
0.000361701801609859,0.000494831592776253
8.38545678046892e-05,0.000551164207189069
-0.000216776788756593,0.000618256137203132
-0.000492371927519588,0.000667717306687347
-0.000711883711568583,0.000689141221887488
-0.000849904888446435,0.000691344074919621
-0.000884253624660299,0.000696397899490169
-0.000778943214387693,0.000697707774156404
-0.000541596327776715,0.000677177776539262
-0.000198261143415557,0.000618762786394063
0.000129483109458276,0.000543845981526112
0.000473348625591698,0.000476972830755586
0.0008076819988143,0.000441107471078017
0.00110824467924606,0.000440827251706574
0.00138479337113661,0.000463571793150917
0.00155790862914478,0.000445776392979678
0.00160737120263201,0.000346928112971836
0.00152577053975081,0.000177919219602807
0.00133119459352862,4.84949893814657e-06
0.00104746637148579,-0.000112818337643981
0.000708521208641451,-0.000144314137110533
0.000354026299409364,-0.000102681793290184
1.5302954706217e-05,-3.19462093413109e-05
-0.000257680542199246,2.956951794008e-05
-0.000435657835588288,6.47685375192603e-05
-0.000500323523361568,7.52497574734968e-05
-0.000448764505015688,7.09390293893926e-05
-0.000292260257823151,4.3307717525309e-05
-4.82183989816862e-05,-9.77165274629762e-06
0.000257003076450199,-7.66954446347438e-05
0.000581524114422953,-0.00013139742928832
0.000901244509000998,-0.000149609319652377
0.00118623216563359,-0.000128563056454239
0.00140928012859007,-9.43932691043078e-05
0.00155761701315235,-9.8293793808035e-05
0.00157099447095675,-0.00018210729733703
0.00144103704316173,-0.000330715726904157
0.00117958304478288,-0.000476906752799763
0.000844529214356729,-0.000532841826781236
0.000463090705343489,-0.000509454890284283
7.74794591555719e-05,-0.0004366997940435
-0.000271848582986686,-0.000357349770894243
-0.000538076464942446,-0.00031118783344923
-0.000716198528905707,-0.000285167288222742
-0.000791391915059737,-0.000267382864008696
-0.000758555911877191,-0.00025338184868912
-0.000614747777271476,-0.000250480819322187
-0.000379378303148884,-0.000278106116544401
-8.20035797992523e-05,-0.000337959178419511
0.000241530869092859,-0.000410251231731867
0.000565116317112513,-0.000462606103904354
0.00083441451792958,-0.000482297471497372
0.00101552624506181,-0.000481324819812757
0.00108374845603236,-0.000484698659081228
0.00103470758281111,-0.00051019232563906
0.000880241812742998,-0.000533009891646446
0.000633094880870981,-0.000528548735445808
0.000316296050902869,-0.000483979609302384
-6.43205604884889e-06,-0.000412949855532966
-0.000335384644470664,-0.000342838089831815
-0.000646104367699991,-0.000295833413531578
-0.000916222578501563,-0.000278058637403067
-0.00115739549053405,-0.000279325366420245
-0.00128810983383027,-0.000259085030199403
-0.00129328314444905,-0.000193711102654165
-0.00117188721806783,-0.000100501904725086
-0.000936613184467525,-3.00140697316054e-05
-0.000620879765254338,-1.8939598883569e-05
-0.000265618794299946,-6.86153683202352e-05
8.47292942580901e-05,-0.000147442747514131
0.000409784289487217,-0.000210495302343077
0.000632511851411196,-0.00024476767950033
0.000721846599814802,-0.000259344626987685
0.000664446968467908,-0.000260378585833721
0.000495402109865667,-0.000244981921174378
0.000234906629739306,-0.000199390445316508
-8.89827438911269e-05,-0.000128161096661103
-0.000442121685399303,-5.63414734508509e-05
-0.000810817438973485,-1.97935997993192e-05
-0.00112809705474947,-2.46226220374381e-05
-0.00135713652294144,-4.0594494534186e-05
-0.00146939404458622,-1.94460593258463e-05
-0.00145705685411758,6.16838767734614e-05
-0.00134030645297421,0.000171917287878774
-0.00112865234759121,0.000271110804028667
-0.000842338448199174,0.00032222178069796
-0.000525570699443993,0.000305661800166953
-0.000196666328170081,0.00024852660115482
0.000116192111599103,0.000179933399957679
0.000387500083747106,0.000123421957657343
0.000609007086699129,9.01014327118704e-05
0.000736783801035122,7.22968996792098e-05
0.000759393870746299,5.96600580559862e-05
0.000675564103180993,5.38192457379136e-05
0.00045713478296526,7.41425061354478e-05
0.000142458155016281,0.000131756291632733
-0.000223506504301199,0.000210536791560178
-0.000590459994354054,0.000274492688572087
-0.000880345924537089,0.00028862945349938
-0.00109759470260616,0.000283072382187617
-0.00121673873428143,0.000286338969619568
-0.00122151923179074,0.000317964418284349
-0.00110588730631113,0.000377099822670037
-0.000880727639771811,0.000417937520081659
-0.000569754623040997,0.000408616281579911
-0.000206904270495341,0.000347646109847334
0.000112446763233251,0.000275741395115078
0.000415581221604577,0.00021422547965399
0.000680609858040115,0.000177652972107988
0.000888832395831013,0.00016314320777582
0.00104208074461089,0.000151150660371551
0.00107696291535911,0.000123326997988727
0.000989612352188818,8.005651368111e-05
0.000790604436142473,4.78069332037822e-05
0.000490845440157186,6.6935537053932e-05
0.000139217543071362,0.000129555298901963
-0.000218704907014206,0.000206036608538423
-0.000538305063834951,0.000264326303171396
-0.000786237907637495,0.000284782763816748
-0.00091630015262878,0.000293926834537432
-0.000908884537539187,0.000310126694149507
-0.000762035337452871,0.0003237126452057
-0.000478490574141766,0.000298743122617413
-0.00010422260402912,0.000229757067063233
0.000308862610581686,0.000143623706035731
0.000705430942817406,8.26640982095964e-05
0.00101158879655241,7.76289873804643e-05
0.00122273622732638,7.92250624155293e-05
0.00131309069738191,4.89402844173307e-05
0.00126984841546938,-2.38373610829062e-05
0.00109448893913096,-0.000113320843214006
0.000810973343668008,-0.000159959958733
0.000456410488142463,-0.000136567625009677
7.65176500055456e-05,-6.09843324541196e-05
-0.000232169303833876,7.17346641817826e-06
-0.000495863624105342,5.62902634064933e-05
-0.000691959660553732,8.15995013136695e-05
-0.000803682900429114,9.25062785684465e-05
-0.000817517201165581,0.00010584472546073
-0.000718940423643644,0.000112032681608751
-0.000518421457685976,9.70282469900198e-05
-0.000237913035877767,5.08503712566756e-05
6.94652394462499e-05,-1.87681904651935e-05
0.000389734812287433,-8.40956019767797e-05
0.000694039067587031,-0.00012308481476317
0.00095557013668351,-0.000131160536926025
0.00117278418536452,-0.000121016241264653
0.00127424372734399,-0.000135196379045696
0.00124416078926131,-0.000192520342809472
0.00108272838817764,-0.000268499071807148
0.000816719019310456,-0.000306946041206305
0.000476617462865859,-0.000286735951306275
0.00010230875874259,-0.000217271231521953
-0.000263797481639493,-0.000134354334604014
-0.00061629886404499,-8.02226629021225e-05
-0.000858871425057978,-5.48029226262269e-05
-0.000958711309942012,-3.37291635422378e-05
-0.000902337753225156,-7.05366368930919e-06
-0.000742016066756887,8.60838473619456e-06
-0.000497792681005975,-7.47484402638078e-06
-0.000196071189039826,-6.07574498028936e-05
0.000131293042919326,-0.000134376627752835
0.000471534514190768,-0.000198926444108917
0.000762671669716539,-0.000231521899258213
0.000971849903775371,-0.000237963802045718
0.00107451153189447,-0.000242700315672754
0.00106083260549441,-0.000269349524479059
0.000940982858831272,-0.000299945680950207
0.000725339512867478,-0.000310957572309951
0.000434908765015221,-0.000284158056202942
0.00012174521699796,-0.000221100903291639
-0.000203051954989749,-0.000149328064696513
-0.000512667296532193,-9.34077017149609e-05
-0.000782394935837948,-6.48211489838302e-05
-0.00102189220008089,-5.97285955794641e-05
-0.00114608651064884,-4.58732919091707e-05
-0.00113903519749939,-2.07960281635637e-06
-0.00100048767474042,5.55708999870666e-05
-0.000750290407741146,8.15631849003582e-05
-0.000422000461490348,5.44562357720501e-05
-5.72627855362455e-05,-1.64089942554284e-05
0.000299275179240897,-9.62596479243333e-05
0.000634544191021514,-0.00014406673211259
0.000857171671781486,-0.000164487356465408
0.000933926202618952,-0.000181492235445226
0.000851943606861587,-0.000200987166825824
0.00066486653974512,-0.000204528979448119
0.000391888778723476,-0.000172851419723364
6.26409536074668e-05,-0.000106218870609542
-0.000287909780915298,-2.83997723395753e-05
-0.000650108836995137,2.52609175691239e-05
-0.000950671635195685,4.19527681585479e-05
-0.00115391230478721,4.25827084767501e-05
-0.00123436987948631,6.17872523613409e-05
-0.00119477748682711,0.000113740549070499
-0.00105713654685553,0.000171215970285271
-0.000833680673537871,0.000205091102240168
-0.000545747044828599,0.000195473557279128
-0.000233073495670412,0.00014150227368901
8.48005920513788e-05,7.16323420047079e-05
0.000381112780440786,1.13361613105309e-05
0.000631823042437784,-2.6026466144963e-05
0.00084647057012073,-4.29643118206332e-05
0.000937018326116241,-5.68114479667799e-05
0.000891468924702061,-7.95638986836375e-05
0.000715091346498665,-9.40482784996169e-05
0.000421288369636529,-6.27189008443961e-05
5.72471967137185e-05,7.86760485728309e-06
-0.000327428074939235,8.73439419620538e-05
-0.000682251501802692,0.000140689518292849
-0.000971421569464699,0.000146776727018266
-0.00113342855355402,0.00015254091921557
-0.00114177713735458,0.000190418181385796
-0.000991665710949152,0.00024599365470824
-0.000725004111654428,0.000265341584027996
-0.000373887442472968,0.000229108310660986
1.61638691194281e-05,0.000150054393839371
0.000396296598794151,6.7987753767424e-05
0.00074392847769994,2.81749862939349e-05
0.000974700178496086,1.20408304671695e-05
0.00105505271057749,-1.29565483222896e-05
0.000972505897608219,-5.27930003112326e-05
0.000787874889732842,-7.70313515646895e-05
0.000520247919643766,-6.37485527213024e-05
0.000199169695347288,-8.42906473896822e-06
-0.00014074853500925,6.82465657246523e-05
-0.000490916166111709,0.000133073669352346
-0.000777584600245313,0.000165174740143435
-0.000966333669739989,0.000174699196071332
-0.00103353481809775,0.000185932940598253
-0.000983368661744196,0.000213438917127446
-0.000835279267721452,0.000234941804125296
-0.000602723875419867,0.000229415586024746
-0.00030793043397344,0.000187140943292796
7.29889947024117e-06,0.000117782339982066
0.000325378285237491,4.99177202696675e-05
0.000619996844277065,4.99477261669496e-06
0.000867414527863991,-1.23201710929072e-05
0.00107001641848747,-1.43054883454549e-05
0.00115588000142146,-3.22548062576304e-05
0.00111316160127647,-7.88949787597443e-05
0.000945404582039406,-0.000131170156334766
0.000674778911186245,-0.000142393824279
0.000335941423569154,-0.000101794758577976
-3.0039560032638e-05,-2.61499740903592e-05
-0.000380442193395324,4.933164671227e-05
-0.000728462539485888,8.92623082003637e-05
-0.000935598057319158,0.000106337555286838
-0.000965929319432426,0.000132311355706739
-0.00081270797980524,0.000159175697444611
-0.000555791974828161,0.000148508876382525
-0.000218988631569699,9.4185882060298e-05
0.000155015782436624,1.38518242711444e-05
0.000520458530774577,-5.6545668923726e-05
0.000821651892451691,-8.12004040079787e-05
0.00104081817110752,-8.573907502563e-05
0.00115287209044609,-9.79475608140641e-05
0.00114346511654899,-0.00013394330776115
0.00100993133573922,-0.000187426693387912
0.000768066642190809,-0.000213385504616286
0.000446376266971699,-0.000186359985626051
8.2843436385366e-05,-0.000114547724633884
-0.000231241131431737,-4.45789431790897e-05
-0.000517870087903565,7.50189749455014e-06
-0.000754076979742104,3.32969313686325e-05
-0.000921034207160938,4.18647511075824e-05
-0.00101001846408345,5.76029917088162e-05
-0.000969693133156281,8.40570665461933e-05
-0.000803990973925299,0.000106641757027342
-0.000533112157963143,9.8000067935086e-05
-0.000225054490240053,4.36363860990877e-05
0.000107913598626972,-2.91343740739459e-05
0.000432714805500518,-9.22845928037055e-05
0.000718178203654915,-0.000128153483298815
0.000954911980550669,-0.00013489146587176
0.00108093017831096,-0.000143167853255312
0.00107907324368013,-0.000173612938368474
0.0009472263601905,-0.000214596070142087
0.000692593754967228,-0.000226825881013567
0.000351955958776435,-0.000187829997195391
-3.08496872987566e-05,-0.000109073285657337
-0.000408170209042273,-2.84731436133325e-05
-0.000759747455222368,9.7169643383825e-06
-0.000998974933877295,2.3376986208517e-05
-0.00109067968524582,4.67578560388237e-05
-0.00102009275415554,8.94139551105979e-05
-0.000846931605292121,0.000121206560489811
-0.000589824414501669,0.000117717926808818
-0.0002760866949764,7.02571905563582e-05
6.15370089282069e-05,-4.35358912622448e-06
0.000405370765335475,-7.4030810071404e-05
0.000698979707045673,-0.000114132242358024
0.00091096527574293,-0.000127085900675329
0.00101814498004389,-0.000134328418092486
0.00101080102127541,-0.000158559261901005
0.000898668634122687,-0.000184568273880401
0.000692072927336637,-0.000191446392189747
0.000411618058775395,-0.000162854183163791
0.000102031765603649,-9.93643127322322e-05
-0.00021944770879049,-2.8532270445652e-05
-0.00052497866025107,2.53328987251233e-05
-0.000788912320313349,5.15560335203707e-05
-0.00093714999600681,5.57170051457406e-05
-0.00104724835945938,5.75049857342393e-05
-0.0011141740546744,6.44449212159507e-05
-0.00113453982340124,8.10485671701158e-05
